-104013.53556	172371.904415
24261.2341007	-44650.4137019
70617.4121101	-103709.757914
-74707.1606617	13004.672799
-124595.302469	23521.8495127
-97149.6216614	109680.337063
42480.3768212	-28715.6064288
-283837.899639	-123732.252875
44071.9797666	139211.571189
697.050159072	51992.9994749
-14894.9596887	130300.092566
-113480.180674	-130837.665209
-159728.83559	-56403.4132079
94566.2985689	60207.5397359
-175949.641004	-131878.273982
78728.7998737	16405.289103
53258.8810954	-9611.17902932
162315.389569	-18845.793355
-54657.0958183	-88948.9718244
-57163.2173603	66212.1992839
55605.8369145	74179.3458757
-111640.794224	-15602.5810337
108483.504549	-20580.5834538
-37834.0718788	125561.534826
141104.44341	146979.205155
35441.0490318	-37740.6914514
62829.4756912	71557.4353117
-88122.6883018	-36904.3726438
-278489.646773	-235801.384587
-157990.062074	-150194.908315
13963.2326396	48178.2520052
-2611.12646136	12010.8299681
-65150.8100836	21739.7072373
196656.390097	215315.910466
-28062.3968541	93182.461367
-64508.1449142	84230.5212519
120973.278352	-47049.265001
-65854.1251542	-78380.0767597
202216.250433	-15004.6921869
-36065.9900362	121316.309297
-43664.3665905	-26122.6635215
-3041.88104655	88496.6042674
66661.7129574	32764.6846448
73163.6489357	-129337.639548
-60393.6828629	-176596.282599
154842.82333	67141.9716311
-113998.282505	-101446.755291
-71540.1016249	171907.28042
177984.934444	22549.1004029
113281.52806	69475.6812361
21162.9834191	38181.2756557
-80970.0444937	137817.632376
-24640.0179235	-128930.28112
-485.542950224	46546.9372702
111814.098578	8518.65616563
16825.7405692	88358.9433031
57176.4230813	-25357.7394709
-179355.583289	-113795.020336
-13700.9600079	-15387.599459
-79245.4840209	-49220.4699714
-61683.1682938	84541.9793886
2082.53292031	-101403.943803
-159831.95642	141070.586497
-150084.142802	-66028.7794188
126911.152651	145774.941099
-83299.7855815	166038.583618
-98777.6101333	44419.8424208
153597.895329	-15570.1763643
157828.446886	-20690.262285
151891.645279	-68652.6793904
-80760.2857555	-194819.346825
41977.4115669	-60602.3231958
-27750.0854722	-15796.4657167
81384.7632036	118152.27697
-130225.334051	-65093.5421911
94421.1091274	33032.9186441
-33983.4178049	-80031.0393155
53344.923487	-98224.8123916
125917.331447	-58910.9697026
118251.109621	88973.1553153
31517.0289125	-90367.3130319
-144150.024983	132623.126694
-158142.539825	5424.06180951
75352.5826228	-208051.597374
-123285.525649	-107533.637833
27396.2709669	-18729.6175522
25322.9495337	23825.2395791
18546.1901882	94869.0947777
14781.1761428	-127229.956302
178310.432534	-212460.358478
-48724.5194939	-207703.114607
62399.6936917	-28183.9337181
-51595.3819088	-62728.3640929
-19250.1146773	57807.8737438
8460.44047974	187014.047368
-20055.701449	-98424.3138538
-2866.15933721	21910.4605071
-6793.46102375	53117.2147752
-114550.759902	184803.302742
-135671.409228	116138.346615
50019.3428217	32747.3769135
-12979.6910161	-15396.4099635
124828.654199	39210.4631911
16490.9252751	81389.4481238
3207.82586044	-122714.10588
43897.8533481	12477.171769
-96060.3770017	-61465.3658166
-59024.0386656	117524.785137
-46893.9143164	89456.54913
-14208.1697645	5081.02456702
137836.635849	-44012.5666686
-94754.3703751	35423.4438738
124007.33415	-54984.8955705
-75840.6569079	-14791.2367345
27874.9274148	-201374.621611
-84998.9359148	172966.266059
-247075.769311	-84916.2155098
111544.209852	-80339.0533556
-14073.2653857	-42807.6623175
-60097.05837	-192834.032908
-182710.888395	5215.71024044
45906.4725019	1194.32115859
-83385.3266394	-136602.86547
197194.082663	-80374.1030128
21536.4413636	-23995.8376041
50702.624615	-145404.809175
-23851.3876958	-32663.9467449
69603.9228845	-120006.380497
4910.27797375	156419.751421
-175731.956222	213506.459776
-28844.4447351	11108.8982678
-23518.9288479	-56698.7606609
-86968.1932555	190267.194067
228998.312027	-128490.220846
-12748.1307845	-66605.6675513
-65312.4874621	25020.8460759
44160.8427422	32247.8045899
-25312.18642	-131499.991912
-36855.5735229	65924.8237331
-51620.3609745	-39558.3597977
-15819.0370395	126068.374194
152108.931478	-207531.996726
4508.2735186	-146602.869904
42716.2558571	158478.932799
116484.72589	33844.8003564
46188.1362029	-207700.044702
-118307.273646	114045.006029
-94261.11659	253537.146625
-35132.6630524	-26631.6304136
88377.1832399	-151194.103877
81778.7363901	-16305.4298034
-64218.8393535	-84319.075947
30682.2266467	-104218.14311
-485.327303435	-63582.7153608
87168.6947189	-31527.147622
-95022.6022088	-132758.870484
44331.4362658	-127775.536211
5695.19631583	-87798.3530532
67474.7177867	-162131.243391
-93253.5142785	-74987.7405913
-61644.1966964	-49828.0298874
-43.5380840492	118957.643018
110934.658509	-40394.0870773
30570.7988963	-11491.8480961
16228.321947	190663.461735
77042.9121087	-124871.208035
52242.6511248	18478.8898401
110997.887585	-26472.1863189
-27527.3921192	-62103.7162558
143519.860758	-89855.0796338
-79048.8039782	-40827.9982618
-44832.012037	9565.83082838
57938.1798472	-119590.610187
-101982.506792	-74564.7498498
-88735.8180606	186297.518093
161298.963807	-165614.098626
-51537.018761	58460.2333005
62682.8009673	244621.835564
33580.8160387	-49781.8754971
149273.436012	-147695.936677
-56023.6294763	-55994.7175819
122268.508088	52954.5680083
132886.41521	-119611.577488
39669.5170162	29477.5433397
109519.06745	-84882.0454617
72373.0282014	-39491.7061566
-75158.1640534	233561.876602
48500.260654	29722.975644
94357.9587063	100411.065446
12354.4543562	36031.5593393
-38881.9554732	-83997.4207254
57596.9110398	6863.48001098
30623.8013282	97221.577481
-69914.3706714	71352.795671
108175.679575	-9109.49009223
-27091.100087	171573.150074
93391.529319	-42488.7548601
162651.567166	-14641.5927126
-121627.960635	138585.526636
63060.5686873	-37841.946743
80181.7249894	38069.5425213
167308.443433	210568.022495
-95300.7814873	-183571.596704
-58617.7155096	47223.147238
-65041.7771384	-53062.6042509
94250.5158135	7938.9680434
47450.6750197	-56841.2295665
-24109.2908095	-11269.484569
48124.8442772	-143801.658821
71567.7336223	106552.803933
-108165.82258	-56678.844786
-103684.876192	54114.6720308
-9706.10340266	140768.733366
3235.17103587	38380.1931654
58332.7597307	-115782.359186
56726.9377891	64009.5681985
-83665.2605555	46622.3756687
99848.5864222	97883.6718439
45144.8386468	-106195.428287
-42259.5452802	115455.859403
-94681.929375	138584.17649
-162569.644058	128843.265097
22395.407687	40665.5452882
6971.41320265	-26154.559843
51117.4594245	14735.9959438
41836.9205905	-107500.343275
-93301.0059984	104296.336533
136158.418765	-94052.3665389
92363.2894011	43531.9657332
-706.732109976	60432.7141863
41952.6205837	141773.583097
-44602.5435895	-116642.752149
102517.347563	172113.318367
132089.525523	80422.2066616
-50127.9407169	12704.2405728
76453.050969	-15756.939801
142990.564032	-90892.8316837
-164126.84755	35834.3214965
57548.3480426	-49118.3576874
32678.5710877	-107057.009462
58503.8708469	66666.5728083
-64211.1444823	107676.722434
55762.4628373	-47797.4144298
-84541.0637594	-15222.5883175
141188.383406	18527.8380349
-69982.5606512	178319.49835
-61118.8088039	-95336.2933939
-28020.6521364	94149.5336365
18136.5742757	-14791.1981228
57919.9126219	-121631.527409
158824.538252	-2130.02140974
20368.6734306	-35715.659291
31886.9828947	-26070.2222846
11631.9074479	83002.0798248
-110360.161894	101616.109113
135578.870329	183986.872806
-86648.0457973	-188185.431728
55826.5831924	-115995.102164
94174.1602007	20343.1782351
-25795.326889	59095.9413561
41518.6366652	132249.112946
-51248.3629569	40570.1855893
-13592.0678886	9911.8617817
-345949.70296	-6503.87297307
-254042.7447	1073.63515414
159218.359856	81912.8507519
-105348.755997	110917.931659
55018.7958465	14942.645785
215935.902496	-29131.0796687
74531.0475786	-1776.75709291
54371.62207	227245.682615
-69160.5879855	134004.029346
-8508.6775144	-58949.2852844
-119506.615196	-168869.390527
-100862.812525	69379.7728747
-73673.4963453	74211.2316256
30533.8368889	59171.770633
40840.1506434	-52352.5033923
67863.6200735	80761.4553413
78281.2353332	152756.635204
-21430.4026535	-42632.5099109
-269367.379264	3021.82378212
79407.2698452	37337.3269577
34531.2732315	-79150.9956488
82504.3686196	84035.588735
-130251.211912	-80305.7639918
-40240.5689253	93736.0317685
13275.1455571	-116187.4064
23116.4684542	100954.44818
111177.215171	27570.9281822
215275.542281	-170472.224356
40814.78242	69363.8576237
69220.4645893	9730.14004872
-51486.999895	-209374.83694
-43199.5241908	20815.9932249
33262.8918082	60048.1460651
-153684.333117	-234533.757211
85350.0782202	-16249.9815919
-34604.89022	13224.6545922
86076.5342277	-75389.7912691
-121813.948208	143383.362057
-134533.791865	-121103.541338
65771.4757323	-204364.168606
-94418.3312288	-23328.0561744
139075.975987	-103166.00529
-115801.859976	-129108.837875
93988.3912381	-50201.4349615
-118055.394102	83916.3587066
-369.251480022	-4218.70787001
-91616.7378241	123542.65939
5797.77471706	42624.2054126
-253486.811918	-76609.5063403
44776.2893073	178570.815401
18487.4640828	48174.9282037
141576.029846	2311.46655844
-11916.7351967	-32231.9587414
-87058.5403146	7055.03705774
-45511.8165593	33792.8836933
55197.6330536	-134171.125531
70373.5308164	-77884.3585891
77360.4607951	-61127.1587579
49676.9712266	6610.30245552
-18196.5072023	-1205.23079235
124664.357579	-84193.6249408
-100896.886084	174597.772609
44224.4663774	-60438.2202843
2909.3374175	-160511.0452
63114.3394632	-175972.991776
66969.5429706	-20724.902411
-22246.266664	-19321.7090161
66638.2561082	-86807.4860353
-42161.7744115	-37829.2357984
81550.3304231	65412.3848305
-114378.492285	-5234.30826676
78153.3989218	-34154.6852231
-60882.8068965	-130758.923675
42799.1171792	-3167.95412259
15852.842969	-159607.607706
58572.5227341	2367.50604867
142071.725515	106799.847421
-71869.5339331	-134875.300225
-2079.579815	-24569.8671564
7912.22916188	-101585.100158
196692.141745	57088.1965573
83942.1245372	-62770.6679035
-74493.446053	28943.9751094
162532.1689	142237.920519
68478.7907211	-101463.1998
-9937.41873662	-91851.5084713
-103052.323023	156053.309239
-51974.6056862	71625.5393559
39017.5897947	12854.5769105
101996.67987	37581.9028677
-96842.8110233	-153191.844238
13897.1934789	-35995.3292226
-82799.1402668	183809.780924
-4633.12856089	-54558.7895542
194835.682417	-135666.403593
124180.18914	5511.02380261
129988.696352	-13815.1641025
6027.1932574	30176.8248965
-187247.793959	76764.9211455
43134.1774175	-89981.5201108
-41772.3936674	90710.3063833
-30024.9645104	-73516.3706537
39144.7853426	-54592.1538147
51145.4832318	106587.189323
-104391.193945	136240.409779
125017.70466	-41045.2598125
-52142.9485353	37901.1541796
-113738.054849	-136216.709014
3908.48967115	113203.406492
197102.024509	-68037.6408943
77693.7990455	-2028.63016814
-91901.2614875	73872.2833603
11332.8763772	-37475.5233385
-119768.579532	21839.7864712
73167.6233176	62053.3349795
-73513.1197959	-28097.964184
34189.9519585	-62602.3728531
6155.09907685	-151964.759123
-81394.0591671	108268.571495
148239.358649	21308.0117765
-36685.5158613	-195853.869142
-60130.4275645	-36093.7108392
-56083.5080881	-87716.3451906
-112432.953801	-247252.475759
-20831.2425803	127895.330575
-157138.961843	126162.24232
129160.675575	52784.9005677
18727.7777804	196751.615105
-11080.6908647	-8353.47088122
-27674.099621	16867.2282011
120255.244403	51510.6333851
-54186.5401435	-134008.453586
104600.736884	-12025.9647965
-236078.450404	-16714.9910246
205950.859115	24039.3131652
-10927.7425065	28061.0591502
-82824.4721181	-2135.58331407
17784.7504507	30505.0831343
-18746.4970035	103099.536142
83673.4614425	-10476.7924901
86006.4686688	-27959.0607246
66526.1270131	21979.6733183
-29511.8308503	54738.5241728
79825.4968925	-14801.2704754
160040.195552	-63639.2273542
185425.039598	-38811.4065781
62790.032919	31674.8961584
103371.316005	37105.1456175
-102950.371263	-132226.647028
232537.841971	111296.911181
94352.0721724	55879.7407807
-96230.2005106	375363.2489
-48993.6570313	409819.340225
8941.34777184	-71925.7980896
151885.622083	-20663.6634935
73191.0269023	-26039.681109
124880.790248	-120648.869366
-80833.478247	-186165.589714
47526.8417676	-43206.1683068
105911.883362	111459.577605
700.661820457	102751.870902
25073.4195314	156956.953135
73534.4084478	78385.0740836
-162831.294143	-31384.3857138
30788.1669702	-87364.606984
129905.005743	-65983.7036339
74632.2056542	-111941.495303
-80746.8824744	37414.4932718
-55286.7658925	136583.947803
78251.21603	233985.417781
-109964.057439	46704.1757999
-20005.1589448	38099.9163595
2245.26418765	-21482.7558223
-3106.89776591	-6382.00466758
-75278.2376121	39319.9123803
35388.7164047	31499.6051992
-21368.0993567	-154821.366215
3281.09926593	47403.4196871
52019.7401336	14827.8444664
80051.4885402	-139669.441638
130821.206666	-145295.09023
-21844.000994	24324.7341077
75062.8236492	-110195.78436
-112061.358657	14091.2364342
183887.941921	-100810.227825
56385.741254	34628.7351682
-30675.8291625	178953.483851
-99016.7946094	-196780.420254
-164680.736319	-70229.5969847
65114.2055192	1594.15998347
42091.911809	180909.957955
100064.763253	21993.5973663
47079.1767842	4312.87125755
-72355.2173308	-160487.722744
123234.366272	-19909.3790397
-59886.7788096	-120743.320788
-98481.3949362	58723.7982159
43303.5586934	-26158.640138
-219016.681529	-22085.5858752
144131.473458	-134820.863082
33023.9487297	156428.35804
-34344.1971558	-152550.928544
165016.38225	-6833.22198212
44539.8299762	34781.0964151
-53874.3076829	-79954.5114748
112091.081098	42200.7974587
-123147.374415	142817.43514
-17889.8579488	49966.0249864
48596.8821734	78777.1691922
68412.5324892	15124.6552722
58247.222189	98374.8081706
-114494.302632	-72228.916236
64323.9089893	125483.498821
-17775.3971856	-139943.460408
21073.3868301	-50500.6339938
-266365.290243	67185.9367365
93777.0425319	-146769.816614
-13524.5009667	-136761.13174
-10573.0996982	-51534.7601025
37269.9945786	-104066.772
-99473.4984223	-15829.1146792
-22256.9518817	-191772.626364
-180915.54419	96844.4811062
-22520.2945286	-13862.8069369
-196220.179424	-86001.8089615
-8723.21043669	56562.0275643
78077.8161369	115213.134268
100275.575962	-32441.266558
-52249.7290406	-9723.90144692
-49741.939603	77674.1907339
50259.9602854	3179.25801438
-152064.410281	-58461.0016696
-106076.631157	-20541.5670542
61274.124996	-46112.4645918
-42376.1499195	-143289.675746
107608.311388	138856.659009
-156749.089854	39385.2463057
180294.396212	72104.2760164
75599.8464207	-101110.352304
15189.4203108	14754.4276185
-92364.6736389	-16753.9742673
212608.502378	-158672.359038
84198.1090079	24217.3555769
32360.5738835	86584.0515981
96052.2151787	56229.6771704
21850.5213208	-43632.3814396
55867.6345802	54683.0138558
190263.235038	4653.88828282
-18483.9888757	-136830.899649
24254.739379	-126808.761975
-89101.5526641	-26941.4469022
86230.1006262	10402.6030021
-57646.813336	34136.6663699
105899.45578	132174.767396
18234.7146373	125650.965479
-10590.0789139	32489.6316175
66021.4426133	80258.7708198
-49409.5343823	63135.2123839
-126182.690233	3868.5695038
-112604.094954	157307.079926
35326.2991016	-149889.228358
-7319.55341366	42089.0285133
146124.013968	-51286.2429863
18559.6383893	-86920.9912882
-117925.970962	23611.7954834
-45522.8480585	-41590.9185168
-326018.658236	165984.812746
69404.355876	-136740.817906
121407.115893	-20323.2310961
18424.2616465	71463.7031192
-101868.31681	-60021.9949895
7209.37163433	-30830.0698605
231347.58134	-24485.9435829
-25564.8313943	-17540.1380562
-57169.6857461	-217789.30439
-49861.7848096	27689.9166543
-149568.360201	-8116.12061415
-74672.5787408	-45224.3877957
70370.4972669	94738.7701011
34142.2979791	20532.9785978
-85222.119698	-6264.00272008
127704.733016	65574.7013595
102010.719077	55564.7795139
-38831.365692	-43510.0589022
123227.074424	122302.560546
132387.221477	83430.9551155
-81084.1972016	557.419821882
59036.3525194	145668.995438
-25866.8252363	-206997.135506
-58330.4709153	-76315.6004413
71929.3395137	67638.6041121
-94295.7308571	-95013.1708957
3290.72205257	65758.8312822
178152.533865	5469.86997893
-108639.536397	-104844.9019
48625.1557909	56876.4372132
149257.304948	-54336.7466954
-31098.5690925	130385.755353
17226.6268644	4696.92656941
2815.99011215	-165373.840701
-120360.674843	5529.90483788
-188858.650026	-79795.1105009
-7251.88874437	-45932.4093722
-112086.890464	6475.82740779
-89938.2022219	-8324.18445955
-78703.7745516	-104822.136995
16619.0432088	161407.914833
110888.787012	-14866.3929841
140624.957304	57789.408887
-274239.162676	-50323.993976
19236.7730732	-44903.0529865
162541.807078	-97602.4707917
-30436.2096896	-2411.57995434
-8399.91808283	133595.3741
102835.841752	-60771.0236541
-16118.7061089	136667.395441
75219.2525167	-27249.7659559
95742.2833891	-138314.861891
-13599.2181044	-44233.264487
-92847.6956337	147998.121952
133617.951138	55265.4557258
19054.7835937	115486.186311
-163390.685373	109916.588559
18451.369691	118718.713461
104807.367786	-56976.7701443
24729.7541367	18244.011754
67893.6244183	-19893.8458328
-120409.130763	-20300.6515356
-1981.92012732	100772.94837
-33819.8230285	-252940.098045
338518.038769	6266.3233515
-30962.4078267	27228.0702549
-249514.46052	-175311.312209
13461.2265624	-6398.0575944
-9796.64578661	-109259.989437
-9473.66097356	85784.2768666
155355.377365	36987.2273856
-22453.3050606	260632.937382
131778.757908	-142832.447473
149207.513222	62883.5236324
95834.4752152	711.752558018
-36968.8888255	-12118.6052553
125052.744847	38425.3895559
-91253.2236948	232022.899392
-58786.4208416	-179436.551963
-114440.10127	46295.0086582
71484.5718377	272603.242818
193021.036359	50243.7546165
94909.1385917	-88998.32679
-18670.1975986	2521.24074173
106429.852302	118057.09814
25023.8730327	-11913.6723647
8214.93324109	65137.4876278
-5014.79483071	-16573.0347976
-3223.43217972	-13513.2148233
7742.89052592	416.518827019
-106001.378068	98621.7646757
-51382.8334169	-174226.747448
5379.34015669	-41149.6630929
-107485.173991	-115583.75948
73734.5158172	251034.671277
-12526.418546	79629.0198149
-73703.2559254	56789.1391296
81209.0154191	103263.251845
-14734.7408105	118509.578684
-4977.08454024	-25344.1358484
-23347.3375026	-193664.15638
100098.830534	123281.808544
12827.1926798	-6521.95127319
-48191.1548711	2266.39481443
-83715.7191708	-102902.837558
24190.268583	-18381.077102
-57438.80721	246427.019749
138306.191782	-53710.6848798
-99519.3695524	63085.7414568
143976.607432	12336.1590479
-106248.5361	-145072.440211
88971.6700386	-50247.118695
-207167.723178	-43630.3933271
69923.0711068	-115770.034661
-44425.688622	-29808.5676607
99919.1299246	60369.6225803
154243.372963	61661.3937117
-99046.8232903	-78584.5701419
88290.8965404	30146.3070305
98797.4408764	109508.253237
95450.3125812	-50709.8553169
134610.987433	-15739.5600209
-10156.8126082	-175484.726691
115292.953092	-73532.8301589
145341.188463	135368.550615
-29279.791749	148115.379836
2942.98917628	-48208.9724851
-80859.2188662	-124500.863082
139873.153259	2955.18333227
39035.6249309	-24726.1534737
-67495.1037322	-117769.623124
122017.068271	-3823.88867382
66250.5387599	-161630.526075
-108416.698245	243242.75537
72515.8950663	-21604.3722152
60762.4766377	-56267.6692038
-236304.201833	-62453.0082265
-87569.0961098	-16942.1817702
-114664.826941	-172737.779777
57442.8812069	-196992.722638
118703.750688	-88149.69873
-32917.7176969	-79071.6957887
-66812.1261583	82851.815888
-24539.8432735	-17485.5814861
85696.2025866	-52688.9319087
140950.349457	-39688.5044266
92648.0782361	64914.7162513
-26310.5259379	-16988.9581923
-131368.032786	129967.133667
183840.798061	52494.7962315
-75508.7487519	184454.770448
75818.409497	-101284.132689
88335.5526528	50258.7685921
-48574.994695	45252.1089503
-113633.091118	-148942.679906
4358.97828444	56523.589411
-120218.635261	-45234.2064039
16159.0699347	46708.4114223
-827.566869172	-45363.9813082
207022.053374	151585.954907
193882.56526	-210032.080087
110636.768697	51346.8061371
242700.358179	27792.4819667
-74888.6515217	-44792.9525387
107761.833629	94526.7444336
57475.3835288	-2592.00470193
81476.4668178	47820.0118282
-58565.1705595	-162565.743518
-14055.5975104	-28787.9250206
32054.5260076	-50941.5282025
-109005.860728	2845.34746251
71621.8114737	-142492.739666
33869.9549565	-81268.8415308
-119100.617867	-34160.1530441
-2541.33766898	-62339.7807749
99524.8722603	-7795.70592404
-23103.014984	-65.3688244148
20861.9103386	178667.734223
-74984.2776112	-29205.0906465
-120420.407653	212610.761804
-130163.865762	-181213.096791
67688.8086475	-98871.6564883
-7763.5189828	-37336.4821435
78607.2196059	82395.3015079
96038.758589	-105360.739816
88468.2685725	-186886.903224
269525.813472	101867.146451
-79254.5192035	-129174.019771
204179.279109	140012.730818
10489.3877952	46802.1556614
-111442.879374	-104314.282235
81978.7658524	62604.5054921
-155997.15193	-56294.2233989
-24931.05366	-61713.0962913
24300.4392311	79572.036383
60279.4255212	33071.0189421
-57320.8979706	142376.362157
-166883.799867	-51032.5010035
-7314.9639647	-21319.2079445
-31969.3201093	-78698.0321408
-216587.012247	76017.1603161
-51372.0025738	33299.5102768
-37620.0326206	-119346.195691
-71940.6929776	-6602.84760929
48320.2309751	-27195.2429556
160327.865087	69834.8211916
-132868.540052	-4866.94784351
-51041.6057387	5340.89557456
200276.187661	5328.32780957
98687.3949085	76257.80771
80343.2014488	118790.778238
149454.865349	72496.2524121
-181940.793313	172362.748213
29872.360608	99970.8292127
113948.75626	-9179.08943192
-254278.417821	-55680.9499253
147193.042852	139703.784826
-40248.829892	-30795.6608253
90618.9605873	10836.9962093
96949.4685297	-93928.1447947
215962.673631	64386.5286927
4369.07011744	-93895.0327412
40612.4118131	-151259.394147
-81580.688542	-57195.4306078
63807.793564	133985.69403
52940.5267166	-94497.068299
7770.62286114	-39492.8586934
-41373.9110787	-74869.947787
-186246.73222	58078.4037465
-93127.8283308	-34253.9727072
-312060.665539	69087.3046414
-83013.6545366	154810.4156
-10153.3556836	129856.857982
9639.54494304	105399.602057
-88293.3769929	-142212.563558
33991.559977	-43808.4958021
-49483.1410266	-16749.9549738
13679.7638177	-48364.1190586
80745.1598387	-113286.196118
83449.7829548	-15958.7940116
109244.004176	-9580.51963138
-62157.0144309	-75205.7839277
-12593.2225999	-8865.29660327
-96539.3153413	-119356.618442
16494.4055919	-104820.351408
-219400.080825	-149669.125556
-67976.7156618	158708.520784
38995.8610595	-87513.4575426
101211.200483	9592.06676207
50186.0316277	-2228.48524197
164816.745778	119471.784219
68178.3200257	-55802.0810279
117329.931275	-144409.884942
8026.93046585	100176.613674
11257.807084	57829.7004902
124989.056596	-121946.300637
-89656.7901262	-45794.3769028
-13558.6777596	-79035.2220866
-24025.5494765	-146688.799419
-22632.5299618	127923.501123
-42584.8131041	64728.6556794
-70313.3713852	73236.1172691
238203.096228	-72944.5209109
-81103.1615651	-19300.2871557
-139963.119153	-31308.7616147
-399.056576115	-14106.2454425
-1572.52258834	-64390.3794583
22496.9799192	-47627.1171411
32071.002355	25449.354269
-216118.215374	-143243.193265
-111205.311021	-96120.5013616
-139248.18429	-108064.270294
-89749.749422	90414.1594949
33814.6421602	-164829.427849
-126289.853912	-31584.1664213
-144741.302356	43228.3774693
-121323.339271	14263.8150934
29848.8630751	-37959.15741
-68412.4688402	196732.59189
-29541.6869314	-50409.7016445
-127552.513616	-162402.843662
311370.799023	-63449.0204295
14631.4208122	13449.0668551
57180.9224765	10424.3653766
-42292.7405875	13487.5845915
184015.248407	103158.576295
31090.6520996	130772.932878
29048.1149101	-121377.060667
-58195.8053078	-160.011341956
37389.8768083	57641.9347894
-49043.8944744	-95903.4617992
57417.0877458	15752.9404703
-71473.4291795	81345.4415555
8411.50947517	-15458.658573
18960.839141	-119.800526645
22687.7415099	-47631.5393289
143890.884165	244773.648735
-26053.8834024	87476.9479914
149937.260171	47086.2306154
90151.5257406	-49829.0947179
83468.664318	-38397.7527483
-14927.5866031	212784.253825
101862.104413	152874.541714
-95017.8985767	91284.5751572
-177239.136854	12019.2080237
21848.6243146	58106.4678508
-165256.92819	-21039.1291439
-223300.166464	-196795.426052
5651.07706573	-120869.594357
19672.2713588	-153441.461166
200385.480492	22056.0982378
59355.6259117	153969.559826
-34872.8634361	-37949.2212714
162892.480263	-37326.3745825
-11206.0224956	-81947.8525043
-3352.30174804	-73710.9067299
-37406.9237554	-35951.5187064
12981.2691962	149229.146853
28650.2264314	-32600.9335183
-118502.142769	-73760.9402587
133663.999085	145646.165808
221724.362209	88824.7325077
13405.4106558	101629.923319
184201.95649	-72782.6641402
42456.4805777	39235.419665
125275.279638	-78975.8163349
95225.0400778	95920.1286433
-3006.72112859	52376.3274742
-113819.535974	40067.8722145
-122235.194347	-98663.7093297
40150.3915736	-86425.491743
-52817.5518868	253731.474752
106783.107801	14225.5418976
32917.3893099	-83151.1813357
-111159.231973	53685.859444
-18616.6447871	76194.9263045
57825.0605574	-44168.2775076
197106.571088	-96111.2157254
82221.1911574	155317.123057
-174047.120802	-182667.495678
214101.920335	122054.707079
3286.92734587	68348.7675382
123316.071085	63235.8990947
-65781.480248	143888.326322
-9771.43686205	-174418.297278
34405.4262579	52168.3053515
-19176.3030441	-21407.6189673
108159.674999	-129366.890273
-35162.3291817	-135332.738153
51931.3965049	48272.9733043
146886.65338	-82966.8448197
-100888.414338	-163050.555349
109636.001052	205801.035844
-18281.1254969	86214.513005
33139.3973791	-59224.2116455
-162812.657076	-99645.6175386
62352.4734469	-169955.325523
13147.9585463	-21731.606147
34467.5401925	-20672.3701477
132217.574448	19047.2776647
229725.270596	7032.40550453
59229.2141353	-26685.1348916
36675.9275356	-51520.5934041
33577.4124162	121123.36257
-210748.398106	-47964.16293
-111384.052967	147925.320604
-34254.1593755	44725.9647473
-19037.5697118	104195.448966
-11108.957872	48952.2026653
-69229.4896771	-46966.3936155
130911.957657	109352.754945
54288.2398384	-79642.3642822
8383.14378379	41342.0547955
130300.109036	-10540.8343347
25626.2526774	130837.670358
71890.0673519	38293.2083722
103465.46119	43481.6959423
-144674.772268	121851.014671
-81647.1530245	155351.181805
165089.545752	178485.957042
-99052.5140604	-67933.7574366
-99325.8456931	24919.2246133
-29423.2935265	-173162.848791
130086.964918	3102.9564431
-128347.262021	76458.5965939
-34824.5811371	-28950.721695
-86161.5799059	-166703.786201
-91327.4886021	29121.4415167
138223.73074	-46020.7149679
-1868.50181769	115336.853671
74818.1144906	16271.9806093
29950.7411423	128198.740449
-261561.727155	-136164.744272
126627.676289	78637.579767
61364.2383372	36206.7463156
9630.40598453	-68897.4022409
-25134.884196	-62461.2286627
-76364.8633104	114259.478969
40331.5638021	-153294.135979
-140372.613916	-156560.780473
-117501.359588	158004.692105
24515.4154053	-99908.487953
18935.2408209	-14745.6186314
36862.0493712	35280.8654646
29023.7048949	-275012.705988
52417.3969063	-144895.464257
-80169.7647577	22513.6174097
-115632.55299	131494.336736
55987.9557055	-1138.64476368
38280.3572619	-18219.9610445
144395.834913	-125401.645541
55841.7107225	44354.6659714
-50549.3792519	-143825.436893
24402.2535301	-47278.7180677
-17202.638949	37673.6839178
-61184.8343839	-1398.13373685
190588.650703	-55249.2148408
-165901.510081	-70507.799253
-34796.3844953	-9926.19410792
30704.5436779	28587.9929736
56489.512953	-86324.6291074
-71095.7187298	-224584.46582
-29658.5916103	-177231.261514
-23138.7134089	117888.763579
68734.9640949	176204.819739
-66652.545564	-176117.044218
-27171.4464004	-68361.4812217
-293457.613505	-68970.3567477
-253551.491384	154757.88781
90152.0718533	59776.9335616
-9480.78157567	153582.42309
-97757.0776738	-21347.8113656
-65652.2525065	-58707.2216623
101593.418055	211461.171757
313805.339702	42519.3059123
128335.389025	16937.6391871
142784.545417	21441.1641695
-57247.399645	-190575.542422
-30218.6870196	-47242.6258074
95523.2336313	-72651.5620621
-74029.2426601	-20335.524488
15303.3701264	90714.2919706
-94009.8840429	128732.25459
58052.765211	-86580.368123
-144984.45406	-52013.8898167
46649.5107318	3941.11194595
-186170.857274	-23777.3458812
209889.015248	-76858.4323566
-8159.50206563	-52248.9192769
69675.9174906	-68531.3353355
126809.636828	-56234.0006436
108454.647136	-137136.238771
9868.48410962	179462.173528
36924.669068	-11373.5393899
152281.519643	19442.0677909
-102428.442082	1647.81252988
-4459.36385351	55208.4268782
94355.8820657	-12830.5710837
-45958.0830915	51082.2069645
-121076.398484	22074.5182135
-36425.5420775	59295.1594954
-89734.3066722	32065.4281109
48977.0009889	-22888.9200315
21185.9574034	39140.3817742
-165935.321139	98695.2081803
-17825.751959	-58995.0394244
81712.9681413	119492.133822
144401.499392	36460.0169217
158367.812092	53449.0374022
81182.7629959	-66945.0542749
41008.3633693	-85888.3524867
275146.543479	287717.249949
260140.836818	260888.27937
261833.773356	280008.159389
256240.064212	285766.739806
266310.305613	265332.778363
336446.024618	270356.181365
228903.106268	302195.428594
327063.551117	337645.420707
270376.214811	330318.725643
354882.159499	326308.717164
368059.388554	250977.337096
278306.032685	299821.29498
304075.564572	291402.908079
290619.739465	283758.921391
339686.330038	275360.510088
287084.172061	290082.794825
352063.401805	248977.61736
279199.413976	314924.002324
277716.460287	258313.425825
328954.418438	302355.119882
276976.104516	311325.977404
302875.894603	294794.618302
314254.730873	326399.098869
299677.973533	290793.827639
281256.084182	324632.652108
256588.174922	310544.904566
309525.525555	251975.443205
223593.166671	240263.90688
288706.694968	282973.103703
362546.190873	276155.553382
228288.998172	321589.319173
337417.659438	273066.635777
300653.157099	284507.485982
267054.163882	316647.45628
345413.418928	242752.97044
334308.095413	270696.242341
333261.344628	297828.367181
311011.76108	280526.510223
315069.718294	251526.753711
257648.565575	328601.732707
301658.089331	324814.308806
281112.016627	249203.592691
331774.293214	287535.117609
341110.186591	328105.721554
347946.808528	300303.329661
314254.184188	310074.292856
259622.156323	330496.487379
315827.664673	331145.638281
344766.273187	276283.29755
312164.714752	340490.129454
288913.487397	303545.2225
212852.628354	305744.35767
312482.360232	295804.168242
299237.450309	270326.485896
298144.253211	262378.538542
349470.438026	314429.94412
273281.792063	287846.973522
316548.412606	248309.542995
260602.192482	363103.471904
277780.46228	283620.722027
250463.915837	286292.568957
285213.417833	245516.259891
309718.467622	277118.542398
238601.207313	286526.874858
277301.178978	283684.556478
243904.823116	271622.866411
294256.993885	302876.734284
251514.041357	314777.68632
338043.583655	277162.193376
307107.570822	354407.070842
310512.301613	323515.282522
301631.142157	268107.109253
276121.377071	306815.92814
300107.81381	333698.658554
300628.027762	288031.782405
260978.128991	283631.365782
300384.022014	350379.244118
314522.730847	298266.890082
297670.652457	312315.748575
303493.546351	288763.451765
256712.756915	311701.441471
260206.388456	322577.623636
330464.43131	298164.535715
310599.241256	283671.711699
242928.293995	314222.657119
324413.275885	276920.407299
307016.197761	271357.540379
298377.710964	331814.790332
365331.414758	324515.463027
323172.130324	306514.248617
286624.61883	292177.928687
315484.245703	378785.692498
291637.291424	272532.534634
243907.255224	249546.787376
286636.533177	271141.118554
312696.263941	321667.383411
359984.551391	273942.796546
339455.893104	278094.086504
248838.77586	249396.530433
291588.391875	310907.077015
286124.784363	321659.57036
319578.980642	300766.241665
239459.272476	286030.802972
279577.963192	256633.459171
248493.107938	259131.725774
295424.639187	295376.237642
300070.941601	295804.209256
292939.567164	334795.421444
315499.184773	304150.910118
320563.517024	293984.761544
251247.957918	270951.364162
279009.065098	293044.991965
256400.817124	266891.034904
320465.655278	267194.664988
268312.262439	336266.395471
235171.605958	286593.027495
316117.541857	322394.703356
300989.043227	313525.309158
298860.888921	305743.618379
282639.027934	303615.770239
281702.544216	315076.728796
316723.824211	265125.97963
276563.1374	327689.889169
318942.977269	336199.1481
219603.823361	212360.333366
306473.12311	327630.709239
296819.948063	275753.531173
325517.49378	252273.417144
360770.140904	321922.971843
368958.91816	296653.374801
263624.234702	281547.058727
355273.103786	313222.827185
271792.200753	327632.358475
303699.376013	209053.663003
255734.775136	310195.849768
307755.794738	284096.824573
315086.061286	283807.359101
306220.819234	249281.700019
325133.852065	303434.260285
318654.422267	277384.657616
292631.547872	306801.956604
286396.727753	252999.642249
341652.41399	233228.335905
319431.34296	295684.447062
319901.446219	311422.724546
297898.007604	291130.850132
252338.211249	262971.760914
244842.679966	296043.81992
258216.608696	290812.918327
308956.208562	288601.128562
292392.447372	324127.750273
290974.058344	299320.157715
340834.40304	252691.588394
284066.790052	229193.278181
255181.769907	251181.705941
280094.606367	346088.431
224851.518513	321940.441974
275474.786506	293642.497611
337314.851515	310211.27041
269730.010536	344788.385808
245382.445957	257545.459415
284087.071167	261203.913169
257550.443427	268201.645354
304488.000055	308621.249216
299987.270054	222156.741187
322116.230197	254833.189331
307216.357669	283105.400976
320872.122585	378073.251773
227824.185918	308098.548323
261677.158387	257038.147034
244515.89714	312418.61629
170708.987601	308810.911273
256021.676148	285404.09903
233393.139862	309270.051068
267897.495897	306670.380281
291187.862553	237267.376193
271104.554012	323593.363423
307725.883328	324224.416627
295096.699851	309130.048793
270989.263886	286343.695878
352273.821735	308711.129519
315503.551732	311854.989144
283259.826261	287716.581635
330063.598159	261035.605168
291547.074286	327337.978709
265040.562637	306494.973294
268321.767142	335347.323844
309588.833041	298151.737057
297502.390317	291983.395369
331551.717511	259956.156492
275020.999133	250774.375337
277635.918408	294744.693401
284610.349702	197293.329606
247665.101305	273046.512403
327925.302841	312520.366535
311385.386266	293217.634138
339394.168474	279465.003288
294097.89349	290848.608086
261481.799685	320114.816122
320923.454453	317953.050621
317278.628532	266389.818075
246268.055324	270461.972275
343677.350783	316727.515298
348850.66911	300688.71905
349493.760239	324901.077827
311652.339075	285629.610563
337712.486315	321119.323526
246340.047626	286786.213236
302955.352929	286861.697796
276036.498609	229788.01876
313816.043341	282220.918535
212969.16259	272185.402245
267158.20867	310160.5406
255096.097697	294730.101581
335205.56273	249956.920527
305821.842782	255201.312451
295088.118467	280996.762752
341630.535518	282351.791051
279990.840632	231280.865214
275578.975489	354613.037701
287837.773259	254448.109525
291621.06982	293987.161741
388227.351483	300250.766124
323405.168158	265960.216577
216982.967942	259730.319739
293583.284113	254481.978251
300819.743411	369318.222934
318754.02926	323104.896824
295164.88975	230834.37488
329463.01209	300321.553474
255578.520046	259238.101594
305716.135026	249771.944755
322473.445922	277142.484591
333430.702717	267402.644318
287133.268341	262988.760848
256362.145086	272664.834274
292197.868678	311005.348084
298035.016181	286228.713163
329028.329314	280470.582152
274024.466616	309601.562635
289882.668932	276306.439417
337606.20056	321745.84772
276859.885268	307432.322043
274586.141951	330578.99377
289403.911185	216033.985431
280421.704916	282052.815654
369321.29819	316885.348548
331918.483941	252280.903502
314553.689979	266903.12932
286400.960306	296369.464652
228634.598874	274232.356338
306773.421339	301111.722952
343703.27558	326129.00197
315432.955978	322879.239526
355771.912063	273875.470892
255179.185326	343371.344235
287603.919782	331865.543337
256438.85713	296630.390137
270157.012116	255344.03983
354084.387853	304057.953524
344888.105887	285804.879175
293399.71807	326905.66112
288871.604102	352710.490652
309837.908711	351053.091865
302586.217652	363603.069552
324741.095245	294833.758334
305050.445138	323602.201788
298031.99816	326215.716477
328840.941652	294822.763476
252039.793212	307536.806543
291275.418256	283657.793337
333983.577784	262640.681947
237675.785118	273664.149724
275847.321656	339110.749073
362206.402878	329488.691885
251436.971703	329888.322804
252924.518697	248481.952763
285592.794195	288653.931582
309324.253627	312104.713657
298302.251258	306640.578314
283834.077321	264812.885957
315275.06863	312943.272078
340054.790315	340187.193306
323650.660535	245871.988778
257313.161567	294768.998653
316630.65097	289954.487356
227555.764231	229866.459188
275243.480633	300815.220275
338296.734935	353561.434856
307471.979721	349525.130268
261799.505186	298185.037406
223774.764294	338701.957856
248598.78209	290526.151429
273205.824619	345279.161098
334669.152037	300052.040776
241011.917422	319648.430977
242550.174179	325314.114615
285650.040916	272482.279043
328501.489213	288938.782476
348257.602433	264379.527906
301417.892336	245985.763946
292079.294137	358567.968816
282738.781737	346253.160911
289590.486405	310913.71376
297609.069041	283330.765338
303225.028327	322303.579752
276751.522564	303260.707628
317847.613336	298168.838665
382693.177593	294934.54784
292756.351768	293545.428049
310187.387302	301070.085498
217584.927224	331268.948619
298154.384726	288039.159045
287549.927968	325028.416372
247492.009438	350432.103849
233306.996401	290742.499453
363417.958517	266249.797195
323814.214444	303361.55032
348173.422902	260401.278317
300275.281631	347341.288944
278310.50913	274539.83623
309860.943461	226619.065803
325202.565597	290245.269389
275246.240361	331950.017689
362723.423294	366808.06743
290009.169963	266885.970859
359523.244649	388814.909945
290213.804761	284841.717519
322220.016801	306767.210912
296097.702692	285219.63413
266851.928752	321596.375613
282102.748769	296215.868746
301174.361839	273418.074192
309380.505975	257564.412517
332286.04545	327457.381474
288303.830389	269212.695903
287731.433502	311668.935242
280657.278313	301872.817221
283952.91091	281544.798438
255306.287258	379496.90367
278851.97271	270194.504097
322876.200674	333934.519461
275590.789528	345265.598319
318568.898202	309289.316336
288448.576608	328187.124954
319113.741773	279520.30073
271729.721257	228752.437815
304395.993486	300997.716295
227651.393468	313770.051052
320064.829865	323583.291592
296869.204696	261385.348992
322365.249616	269436.447154
327507.239068	291184.041276
296300.364871	326677.775178
314920.550647	273879.022288
268944.469234	329979.518584
317098.365242	327268.55301
364989.691851	306537.145218
341175.271729	265191.046432
311623.437798	256622.127729
304710.614201	243228.066048
303939.335913	274624.209378
328828.364827	336870.622567
280230.716841	273588.617253
312760.746311	250544.929705
263570.865886	294722.118588
283365.47911	311695.056512
312140.112666	316615.067233
306400.564132	323364.95415
317784.51252	320815.230445
250363.202116	324912.113164
268054.619447	306943.445597
254001.380231	298617.720386
340003.68365	225416.138083
266183.986204	319948.506925
271946.244121	216611.270745
334886.947121	269543.359803
330903.298366	272310.029261
345720.668899	311608.083361
247193.924892	302368.313329
315396.34025	314892.740252
306165.628503	323648.600871
270892.418359	276931.451163
334108.821231	289151.752653
254920.424259	283265.385944
309860.204798	274487.383478
278514.870288	283787.708645
323259.470233	263289.564333
319193.939425	272462.55932
292368.791452	317962.916556
289684.219758	223972.940028
289173.69313	266992.724028
356230.081863	334707.575218
272311.30379	375388.726738
240297.221957	288028.263422
340839.385894	293866.663961
257491.183391	232464.531484
300813.426622	328398.18287
287347.546646	298073.767462
272655.436914	326082.173902
354396.702959	325844.254793
323616.502309	306397.968238
289662.008001	308330.397926
258289.612012	282533.5972
260330.374307	286543.786878
288929.954695	293239.062819
265563.011318	329102.949872
321383.244364	274031.003946
310922.837877	283127.858826
318499.510591	275373.038871
259128.296018	382983.658
275836.588328	269314.481562
288665.581722	250249.116538
328823.904552	299334.827925
322588.669765	357132.910083
253509.168344	343282.233037
245883.45432	328075.150507
275774.245133	306019.618214
282541.510666	345041.873939
324010.158187	358389.758937
271362.065856	353161.555479
313369.041529	250359.478945
290934.756408	332807.863582
364278.703778	276062.927144
253616.076271	289647.650781
307908.842154	323063.586879
329954.007898	264389.51249
278956.79531	270505.910416
283666.848732	271976.556984
248764.966095	289585.784508
292418.060779	294028.838003
296415.002348	285951.525379
285182.983962	301484.748618
294701.499839	336775.494952
260446.72869	304796.253512
326407.880991	281768.225171
320403.911917	309152.939374
279801.621429	287933.095848
308437.724827	317261.465257
326081.26245	252616.748582
319440.495646	297786.435035
318493.269534	280288.878802
334687.687043	264792.76192
322048.524681	328372.818513
276906.294012	296942.508894
278095.230122	317923.498804
283736.800038	256175.432316
384803.004488	234199.270343
236225.65453	248723.708574
284264.632913	251339.218468
232940.741399	299669.000375
345682.912756	281189.07252
259447.991806	310851.983146
304937.715048	344480.690052
288635.245479	276362.095264
344419.032779	235591.771932
247769.499477	262986.648718
305037.185215	312091.722394
287344.994055	292329.41022
322369.401716	277009.551597
265811.685835	307107.467958
268228.931092	297701.306087
268239.512338	269537.853211
233750.156763	336614.068361
266721.867883	269676.43811
325927.770568	275869.64163
248489.153686	308407.313431
315047.988533	326902.604161
323053.623425	333639.795891
318120.41295	324284.410787
333909.838625	301164.61992
337712.021292	322958.336491
256778.096528	299467.139619
343206.280636	258159.233127
307116.228012	322156.077821
323892.619184	242535.141264
287753.072453	242409.384595
283413.627114	299509.898134
297375.606602	377161.150688
251586.054443	330480.602505
280425.209761	278999.134891
247871.670584	344450.864089
296155.510592	276805.015225
272181.851114	306652.910578
287973.609886	332925.707555
331358.807127	307742.157509
317019.779679	297021.80982
255092.523841	237356.083391
339643.045939	293793.795875
212610.592882	319349.351443
269114.894102	318802.482218
289531.0594	260239.220733
274214.798143	340669.972595
303718.46075	276142.171301
310826.450625	260388.414591
212005.106268	234418.995168
289111.920284	322958.804935
293883.183773	248494.466448
255120.634239	285482.971015
292290.038436	265566.650965
327068.63556	305767.365022
303286.861997	304201.942057
304939.385708	239074.818778
327937.461432	277976.995945
271043.953503	279260.204515
285806.73854	311530.967838
317948.896366	299343.161572
297594.388373	308013.091267
288547.937592	279904.665846
321531.50278	271542.821468
311441.396665	277346.858348
238864.858029	347141.882174
239750.720945	333594.779565
259220.248759	354232.185327
315022.26089	281593.986974
296203.328238	300993.006878
300748.344912	284986.840148
326405.83509	283330.390986
308908.240984	298344.972846
281522.348104	296063.718631
347474.467964	250646.326749
262059.449446	229404.42708
319417.262367	270841.371963
308672.393098	243893.07095
294386.535544	285149.103159
281522.292563	334916.212645
346544.672219	308768.254022
267406.97876	271587.45432
339917.267235	278783.177016
245190.005295	262617.034291
299960.789079	297174.498786
309935.421338	297487.64202
341741.539476	305079.345584
337448.314897	280688.327502
315803.020837	381368.674777
302798.760671	335989.289501
285030.275881	229381.577349
299609.394626	319320.815544
270197.959572	263258.209538
279002.951375	276490.838733
326478.936013	321492.654968
267915.196086	308830.453467
322256.181317	286822.621405
302856.337654	253325.822558
313015.876808	322190.577145
320239.440441	262426.70598
287215.443813	296453.141109
313498.371063	337798.075333
322103.47615	266079.411632
259600.880731	338027.473389
338665.247938	289005.686071
317260.984541	270781.481754
292074.764156	274766.809055
261483.421444	273502.285837
281624.640969	317320.985788
309045.287936	300171.968154
282805.027901	335423.691216
255610.719449	387659.820435
310507.40278	337747.823228
295377.502362	324743.059227
272102.866089	288618.456056
293070.117523	247352.979396
304710.528019	273674.286663
292299.815088	290080.909754
291715.659554	321578.925844
274027.476156	328715.861157
267412.152339	298132.943156
282586.893512	302130.105906
281684.448599	292714.498415
209137.963198	245558.158306
273935.939692	313429.583591
324349.078599	312428.785135
280773.127975	288594.209805
343987.18193	301620.639013
282488.818821	341752.949265
285261.677318	275421.478122
297778.918987	324897.99149
226322.191312	348343.136313
319372.02889	288552.125895
322382.622997	328802.15791
263101.803826	267975.22798
221395.467237	246440.32317
316805.361204	265932.441241
279300.504886	315005.620048
310333.052225	257997.755968
295035.747408	294944.70367
268851.063066	265553.218896
310284.410605	329232.545413
359372.010614	341858.366241
311872.854589	293027.444284
234095.458805	291208.861018
292672.095131	338316.233361
267407.115793	395201.163357
274867.695043	285033.235424
260358.879238	264496.470838
298922.300033	365716.551222
278660.491532	321636.588236
239260.64588	310133.973608
199446.313623	286045.903075
255033.21032	337440.579624
266969.041799	343355.347522
315621.616795	311798.704428
298951.449016	263148.711066
236814.338531	296798.801058
337921.437879	209869.376663
256917.226465	335631.431099
271273.718088	307182.596506
280640.630125	351059.471895
321985.245233	313146.107767
273522.437984	277532.108378
328041.419658	308106.747754
273601.329885	231662.180929
289833.465915	256672.031182
304765.582478	245446.731742
323912.346498	238267.713366
309828.33161	329428.271534
313064.200831	255663.256961
296384.197298	296596.10953
295320.841864	241979.161871
320760.041266	355719.195222
313295.766051	302443.913265
283431.463158	259665.792068
268915.448808	325228.098288
296517.672964	316670.658063
303098.022627	309604.464971
290253.826938	305832.367497
322028.377976	280287.031299
314224.260667	313453.481843
289700.571617	294058.615563
321254.078748	273014.682431
286922.826018	366765.308558
246557.380725	277916.609044
287415.590135	237415.84153
288413.756145	272821.613372
348703.58052	344738.839477
301059.606885	279156.580654
245165.840872	270824.982912
231086.515864	318071.885095
234576.580803	306810.549272
304685.688021	283706.938123
276792.186064	331823.057037
333535.402092	260424.224038
327977.111764	325205.642764
294252.106762	320770.136751
335878.812327	286427.127037
275373.897783	291501.264869
296790.050454	283341.797481
261158.986098	327386.193001
374571.293514	268425.909203
316405.711887	341374.483851
306155.702433	315804.673928
315574.828091	269789.868621
286433.755117	284118.385623
351073.133464	301374.127344
396958.490126	330917.49919
262684.154666	330165.535499
313207.13307	320873.183483
342061.780623	315716.857852
293438.022089	288820.03602
272655.594797	355756.464286
310797.368843	272320.33093
302767.882738	285077.057946
282296.344158	277615.968451
274157.340497	299322.287445
231515.022412	336508.812336
256017.892729	291842.685518
350327.223287	284035.034087
235764.432949	349561.868547
341040.981052	247253.638836
297867.004829	304168.835395
290368.409694	247573.02298
246005.898368	301315.439451
318780.916913	256782.143361
320835.538552	238841.283043
230119.542122	347091.838334
276642.027971	302951.946674
317965.344457	337311.658107
276542.608911	306126.321785
335392.052533	240710.170846
349654.449381	346577.996947
286930.987311	313333.713054
261821.292477	288839.70373
299972.112423	324172.178863
352480.468276	346790.224437
321220.918248	260643.936544
301150.035626	263801.839067
244093.70928	321952.613277
265119.383168	299738.447362
365195.047132	244897.744401
216306.145361	337918.053775
294482.707831	260015.959023
313940.490211	280430.67221
283661.525046	268345.039803
272063.883282	283732.309291
280987.965627	312464.896679
298761.813754	258906.139324
292796.861778	272591.860039
247220.606462	321789.320737
291599.957435	331700.145648
271471.006975	237765.218881
298551.432057	287417.432455
268994.647618	339741.714893
281686.413442	319649.926533
260050.730632	284069.053151
256743.525609	317559.666591
308305.168214	296010.514144
343344.653779	326306.744568
293314.569461	303670.784129
313688.477915	339167.911325
271515.384328	246157.294438
290645.644059	301923.006464
354234.460656	266748.437701
294459.097929	254944.503519
293341.813373	328273.50239
312374.477222	260836.904224
245230.398822	283187.420987
277832.417194	322797.133487
311361.256515	277342.382412
290822.811071	335585.599029
297622.662101	316055.00546
297583.804213	314979.578782
286806.836466	270559.702316
274591.603369	304691.538726
336455.183726	278920.733307
324936.448906	338599.196535
322511.905394	272553.309853
275911.147988	312275.037681
305404.460363	288402.991716
254089.91125	287542.17154
268572.842502	278903.419127
282335.29261	286107.043256
278517.537117	269209.495417
231554.870231	318177.771551
244350.635921	235188.146075
349276.678471	307677.90958
353647.710681	238135.984689
303081.491305	292675.123379
273067.532708	381090.795307
287482.634484	240714.733682
273272.605761	313515.17901
342032.098936	313471.028936
295776.790636	241354.583535
360371.635359	312719.056302
301664.094509	350391.748677
303321.607654	294177.1178
256229.135144	330505.414411
298997.096234	296328.023807
297474.551073	293095.890802
267977.709459	231036.750204
315945.283896	258474.776454
281375.555654	303931.754552
326229.035207	284634.940233
316313.378981	330156.168874
296469.47473	318788.208023
273404.775931	296187.62288
303009.775543	344187.84323
279177.664187	282587.805299
291642.292853	316171.142449
350865.27085	312674.09459
298486.649309	346869.937207
279136.122465	368902.401131
292923.445043	328645.415908
290678.164413	310723.140782
328405.332786	284375.08597
336026.82766	240449.108531
371332.265757	255836.209115
263515.153022	254840.834001
284468.765293	228568.712753
297876.962375	297240.814825
301224.73103	324229.445867
265462.858687	313055.247318
368003.119375	348490.731456
327483.237987	284873.610264
319696.522136	358457.632098
343526.897519	300738.984789
325526.204856	291955.587392
303853.76116	283943.374363
352643.098152	278031.29159
310095.784629	305229.934469
322277.3927	219035.331251
284448.544064	324926.608818
298341.69983	294546.835821
324045.304613	255520.31627
253257.990371	308553.729452
275059.024008	313882.759533
280150.595255	292345.884273
290974.024973	264290.772708
296986.220566	350948.302473
295451.694504	289052.871578
325013.76824	295569.764558
280698.903127	316113.265838
296370.39805	275898.878222
287413.708156	269789.129483
293377.290217	281225.988427
250445.136554	270365.427394
280260.036624	282063.222699
334976.551038	251957.834626
314411.018387	311040.483745
312452.007547	288457.070602
287168.231839	342814.252712
336527.637515	275368.097724
313435.93369	318382.607703
280484.737212	331475.361668
318064.051159	359555.630829
293572.988441	279346.367646
298694.202497	317774.944525
323631.30026	297572.827341
260056.635803	269948.466186
297051.407889	276145.086767
317573.034452	284204.583823
289355.311413	258075.433427
303112.286841	292142.588015
266047.546683	283263.523351
313244.345893	293186.388552
250429.188127	264237.259044
281443.134259	325165.331822
329763.193033	337693.855342
355850.739973	243161.25286
396443.390243	242056.053717
381749.847714	333734.259041
291616.738251	327472.97915
285329.18162	331796.488038
251398.856945	311874.444372
281525.204175	346077.491735
285144.340577	288751.787262
283253.330499	328491.978886
273853.388018	284533.925501
312379.140686	264630.487409
312215.117506	294400.922001
329143.07013	264404.958545
300000.719497	342244.466493
345137.727003	335868.795394
322024.028344	283192.756034
289505.900418	361078.164333
339466.22028	315467.679306
267523.129774	266595.109615
316761.096815	323208.340856
257308.742618	332565.785547
252551.260563	335217.208976
321074.593239	286602.184078
269530.693796	269686.128953
256681.575363	329555.89827
310158.130733	286192.996124
277766.132014	260450.994087
268828.574849	290971.724031
258642.406765	357436.487118
276591.684142	292351.426081
224259.526531	306049.109162
297704.065278	329844.839901
298314.91273	282217.619971
272495.627309	300487.830188
354961.375084	297551.708642
249092.415917	233874.970345
247113.825823	222698.530963
267258.833156	308448.017985
311021.550102	300555.699015
288079.385488	374179.520466
326429.708242	299159.606365
314050.838905	295166.351183
312592.15483	305622.420491
304489.930143	319082.711436
286822.801025	283509.570003
242683.332988	301272.490464
291815.827789	317873.059213
234973.537348	301539.607089
279255.46792	229162.31634
370145.19129	256364.062856
296187.048512	335476.668141
302585.901532	297053.628463
271418.645258	286958.568412
325182.349797	337120.027492
265322.702809	290105.509125
264001.370107	221502.762213
324941.908187	305792.441473
261308.453303	308045.235706
254400.381864	393432.727445
354484.074812	308922.728519
325907.885358	296186.904624
328918.762807	264576.887145
338810.148671	283812.624586
340819.329561	275619.973326
303873.308105	263875.720994
271211.218777	293654.410177
278017.795697	285462.712329
336131.592603	302087.798674
271945.563416	308819.718338
285459.533226	312562.538853
251179.632072	295316.840287
337862.058915	253705.794971
288254.919429	289122.60772
248393.880263	303317.594005
271685.775141	268654.405383
279371.278577	257805.809527
336577.707404	269540.610927
323145.699875	317529.177108
337850.831432	304528.237323
303845.573229	351795.808155
291797.203221	272262.777814
302587.565363	303029.374786
276397.799969	317522.733881
288888.522146	289958.815243
284693.753529	285629.384532
348268.152643	257605.430413
294092.217787	224911.866395
298860.617665	314250.366526
280767.873834	258617.095499
329575.237197	293438.884199
308363.610962	283147.215082
269115.695338	326291.842743
282962.466741	277759.039765
250296.893048	310614.350136
341478.922288	349912.395955
324073.355554	265013.146334
303705.142217	274659.872497
298992.178178	345879.897854
327198.380774	349607.639041
233838.632536	284313.599216
225939.66413	339941.391304
286488.139053	320808.099681
316424.045369	319505.942221
288118.003606	274427.210182
320464.49022	363031.628011
361690.832634	231336.044706
286650.066774	374958.911459
259662.330945	286840.018678
280150.469884	304336.042702
247085.372303	313041.305104
295377.044464	291524.407448
292095.607838	305165.005554
291775.506751	272965.511617
261428.652804	361469.719369
360743.569525	344107.634768
243361.773389	346750.615296
363666.703518	288229.097827
349922.507057	370222.415129
283939.670235	242282.93158
307372.982083	283352.248869
295159.868101	289042.188841
318293.837998	327387.078712
275554.1527	268143.725115
327060.02067	272145.142434
320951.341794	241890.024067
254890.057212	257093.093416
362931.530517	288455.915442
266237.799292	304680.454343
264037.171433	340675.580947
302118.20479	269839.431477
317110.602524	298935.010637
339555.417791	309040.060993
321155.001723	283435.987258
335140.490755	348873.407193
339229.218767	301650.482923
296352.23974	266832.86527
351650.150793	300153.734782
303414.127805	292978.131151
290436.329282	273618.225175
319413.73709	252116.941958
327945.396907	331239.135045
303481.461391	334944.134433
313741.663199	284737.613472
259796.842029	287365.737807
316098.169781	359298.978653
305440.736927	270604.430142
279689.304759	296068.836835
366424.741877	315611.658697
246408.92391	281791.287306
290387.320319	278564.356817
257488.364576	294457.361168
278977.609295	293197.414199
316782.841737	314091.948654
311308.622961	302483.704029
253769.689624	298860.53004
315513.314492	229677.293507
261334.3911	298066.751291
298728.220142	276590.246708
272003.672637	322938.198603
314258.686055	273224.920629
290760.915019	288587.798856
218100.057844	329716.185678
241559.249843	295728.367135
318302.178252	311863.849203
331032.006232	277339.39332
352594.086776	287235.017527
309290.088734	290795.5312
300642.062197	309508.138328
307444.183306	235745.477452
324842.315896	238453.590888
320275.779641	270311.807492
329161.797202	299580.841092
280619.970587	309347.023579
282847.944526	298655.996248
272046.007441	238312.618566
339347.49092	316876.773623
270116.484399	308924.169604
274804.191673	251691.91464
274263.184737	267856.142032
314777.566022	312579.987659
330999.749073	341240.434884
271250.957869	291395.67519
304014.416251	285237.156035
275496.22034	279490.647971
44136.3857882	322116.225228
152882.572207	83301.3510787
227408.768149	165792.836059
43032.5968723	303593.683137
402957.926363	342788.346502
334084.153419	239865.313957
100699.318884	205004.726447
425990.873699	232361.010058
357117.793704	308496.394298
310986.488492	168454.047667
256145.436084	277994.379881
22498.4670183	79378.2606621
200356.577811	204160.263986
204876.97436	252822.066286
305922.091499	173015.644111
255261.698375	243198.075346
107811.082457	266030.250778
346672.674203	123013.325385
118394.41583	314616.895423
207323.057891	159303.405379
236540.046346	349384.179152
386921.882729	211639.870332
205712.951081	270955.229612
174008.792577	287300.734542
256308.556006	408115.982544
186471.023043	174052.55772
372733.651656	190253.811571
244411.878843	136839.996323
67402.7313005	189488.287294
222135.167912	242248.990357
285091.184079	243742.342953
55960.8407832	343735.798187
268926.980306	217391.872442
78688.4246359	267314.783871
329096.29339	244970.311233
300537.936802	231650.089856
199280.000864	95425.807211
254913.196709	270772.953211
224261.831886	186847.870498
211082.827204	171284.507241
331020.976348	279176.072575
407096.584299	269526.188937
289096.508644	265498.049561
285105.51296	228539.340638
330960.719594	302576.311736
217701.761418	290367.082587
227936.480061	231824.599442
325792.302014	316756.093715
219322.179414	215517.350627
205220.250411	298990.543706
375434.118335	295134.702571
310860.106898	202668.397344
280305.030152	332298.654927
122715.512855	174745.508942
204618.435097	304048.281337
218255.005895	199283.642305
154339.172643	334730.1011
168332.246806	200592.190035
169228.923093	305724.071196
173970.788315	304224.803666
232773.965837	374240.783494
281874.491728	115134.179546
251846.318105	314682.989774
271871.879056	249846.566662
383973.193536	125932.762349
304076.111464	191288.165463
331601.293528	156748.856706
414106.106655	312214.478864
359126.432492	213656.917343
363941.752894	163762.77178
136177.642088	319222.590874
165333.250745	300410.189043
42948.4687584	375295.938175
334325.230618	257953.335709
290682.979022	233536.596986
395028.136068	177838.940145
212092.051619	110401.921374
332792.80988	140639.392117
138609.547074	93968.2008311
158678.551155	183842.138664
257295.506163	286950.823353
272862.6227	190748.912756
212822.179681	317821.674837
329843.928612	261312.571961
349733.813418	269455.67946
340451.108035	305153.717913
320024.049889	289839.242609
191234.289231	303993.923397
155078.30135	184478.179829
273990.070861	380596.83859
188747.517176	260318.819519
43226.9674583	67896.0796547
292001.186697	210877.355345
295313.332231	376030.187847
269701.558194	204275.783221
302468.41222	241082.414339
338093.980592	165774.929454
135409.609513	206577.409026
451171.851097	192317.145801
221762.485754	54988.1444701
214775.782883	277410.409644
302064.59162	302266.159229
393208.998372	403107.570383
278922.708801	201171.240385
160887.000249	319896.801407
130159.859832	237564.259218
186702.396005	241656.487319
223458.050471	134599.650396
197848.435453	399531.006503
210469.219623	378683.249582
131786.975238	397764.761929
353469.65535	274281.447334
221152.088743	281907.154753
358689.039855	124486.163522
230659.743754	5222.43747421
206040.088484	460039.060308
258798.548008	115065.424948
274530.768063	324057.461526
344305.297484	157823.156147
421403.251871	270681.546709
358021.404977	390249.152982
261665.05554	248881.180826
292694.888837	233776.415728
163463.500327	232678.477074
189981.347718	299210.037234
352922.202369	196534.311022
255383.715489	315130.2739
388398.934915	43064.5283973
321370.531717	227875.141237
233007.786773	134846.427041
305418.775379	165266.944562
56512.3649234	151561.788027
340633.897058	267690.809939
397189.302224	177225.884287
317411.586786	192012.53181
220098.590979	176952.296936
332895.274546	240447.267305
300177.018692	291246.153644
309220.129444	277728.710151
184318.720914	513484.280169
309017.988932	112681.0778
231254.825347	220237.266654
329171.507178	164898.509755
324604.441012	169210.779215
231499.44372	232501.323023
315263.781575	430073.938763
340404.416038	408953.724029
289373.275083	123180.798399
175255.335369	237687.304269
339639.956652	256379.016909
171773.804035	332485.011707
417201.035968	181643.855723
412916.363749	256697.074573
333931.123841	270817.842353
204004.121101	416761.646554
361629.083575	89095.9327543
190023.038619	238602.866589
299720.246174	137975.357179
154824.659576	317110.579182
267777.278687	235670.855924
204181.125936	228688.111455
301069.75001	236631.911318
297639.177295	230044.374824
309865.999711	230030.13495
248680.444494	197793.508975
240371.406509	385645.733926
253843.44879	90583.6837009
349682.401565	248400.433767
366597.355975	162521.246156
218713.229975	93416.1761226
162844.320334	236534.919735
97459.2652677	245739.095973
257126.333832	212531.808525
228882.519459	170450.719568
131739.993047	260989.893447
220698.172189	169166.959186
204616.26635	269710.023767
168449.412473	223862.732302
214757.757449	225188.838322
313025.575617	292957.512594
198974.720128	142194.932433
389427.921977	280318.673139
463932.509108	210321.977618
183864.732614	292100.900952
250449.758262	367893.051735
327676.936369	210295.929391
145735.785269	79780.0670028
101919.011045	173192.507771
126451.081766	416739.56852
271208.177766	211170.381022
66549.9543028	257626.370662
98024.8811472	175614.806502
153843.004843	249242.744868
399587.262908	345601.70865
291072.575096	442440.878023
347510.254435	126852.324164
350653.579732	289528.023579
378086.443583	185847.486734
432577.720917	296657.061105
198763.00093	170008.31137
228853.138974	232909.448285
261194.572141	175242.640127
276281.380861	239584.324106
199119.54651	255414.674876
128374.357969	220076.295533
43571.7787254	172358.415705
214934.862158	257621.877488
383914.120001	68512.3337756
210179.34586	257976.420207
345600.958944	284371.665554
197127.807031	325481.27858
322991.855233	133017.086537
344198.815106	248283.833795
338039.0178	377494.123727
213163.764485	257350.186806
186614.989132	296543.69891
189987.108515	270022.517731
167694.299844	122671.24465
264324.683963	453463.80975
203217.527616	186060.286584
340835.498488	375090.430501
424302.165878	225162.947393
287618.589857	209034.920958
258188.813545	281672.716418
415411.020986	103910.876845
120391.352244	350049.970939
211769.689488	194548.169479
195010.348992	306783.821563
186807.858048	283874.633526
277460.430121	236222.247034
316724.317973	227128.043481
337858.196742	268417.34397
208256.581336	213951.852514
125254.794412	221943.288751
170927.141874	229388.207926
344386.764661	256496.536318
331906.459591	145980.029838
203945.829686	172497.932804
301618.795891	300227.523904
331917.265181	175457.463872
451179.990085	263558.747025
315712.298682	260541.839549
60405.4953379	264208.823491
232396.583776	122218.052661
164416.353809	99199.2724792
199477.090467	368664.322965
373501.92344	319917.248087
177510.244804	159346.78703
384884.512316	163222.771442
123080.609957	225383.437713
111872.921752	154868.233823
255404.518137	373762.216528
209313.229983	216658.006251
347358.526527	266060.758769
228435.221403	356345.222901
233553.735847	290835.153303
451894.69998	130086.7157
297021.442699	210586.248659
264257.280607	509617.165684
356527.676594	213586.26372
249853.971074	181028.475016
219112.683673	308585.043475
276724.591052	155204.0507
269361.784966	374124.327831
537010.072666	232101.329425
134069.811316	56607.0498071
201409.080372	280818.429138
333073.928244	247880.602349
230202.295439	116718.821622
345545.55279	219761.791249
344056.764648	183532.337894
152697.444507	235634.550392
225072.827253	315677.79796
259249.498942	261662.267406
289602.497972	309403.855605
237727.38738	139864.191973
162466.521553	123215.834783
228466.036557	225281.521696
134370.08615	153132.056571
207010.045399	160483.128131
233857.763123	226722.308488
196190.417823	542006.57195
425671.141329	36123.1193267
250027.283886	233308.176585
207810.802909	7940.44610703
42149.4835589	220711.335782
98854.0360604	194520.296154
238417.085295	399508.749789
228958.743442	342632.254233
257504.877971	162311.219831
275209.337042	215004.576649
192396.668869	287962.564539
164444.403195	213774.333239
318963.542597	341035.439349
327081.548112	320916.778231
303444.187057	510360.506758
351597.956745	228743.255515
103649.093632	93225.2725212
384671.706177	90007.5378388
311224.514586	133806.318704
375983.877504	313891.568997
318950.040861	319069.123067
326336.020599	324799.212029
263717.789643	285661.699445
494333.986813	256017.28521
171257.773181	123839.22457
253112.727355	127258.244238
203347.786727	214078.709434
403640.261999	203645.04958
337723.162551	164176.181454
262684.421288	203296.404385
322941.480177	472218.645614
260318.548458	119645.37602
300012.5857	224618.913394
233238.047868	281756.030975
217480.566692	378094.232309
236647.610228	270485.952713
349057.012718	429435.757845
286229.673292	353508.159782
348624.927077	246833.833918
219501.840856	185632.994467
146930.9682	206705.233033
499681.694545	207700.911022
231147.710452	134764.269284
157949.732346	100366.730922
259461.467432	119876.688523
178109.110049	273307.311385
281356.006621	320363.498359
292831.753692	277330.879501
240492.176892	212028.633156
344641.069468	298208.607882
119199.357752	126032.72807
408087.483515	307022.566118
241419.524599	310479.027572
187331.298725	403342.507122
350961.631864	180405.420776
426138.13667	260825.026331
255553.702103	327063.11903
205903.435031	253889.090215
52279.3635517	285050.623947
233830.920916	321106.568015
284403.851431	307804.290561
227177.364405	239286.953013
227977.547262	216935.159137
105214.033214	170083.274544
214139.91562	481157.795284
241722.382593	48873.1786088
230188.772585	103700.537315
7901.99524013	178265.464493
220982.732452	172567.674191
225879.309209	194044.792798
202965.702479	183507.98633
378124.21567	259314.733037
296395.632036	190129.392234
202853.920003	200166.953561
240866.285813	290446.123048
214158.02946	38707.3688033
331305.142576	230424.448501
348712.817367	354461.56219
95450.0836688	215703.989508
112646.454655	412134.911652
250235.178442	255276.95115
78658.1669136	107139.219624
212581.40822	195024.039932
157530.243492	175132.734095
212362.474372	250737.318986
279664.467899	335911.948077
270410.363836	250709.858971
337864.278129	212172.185713
172769.505913	174754.516744
282756.117228	466777.705898
185992.835128	201336.436184
198117.910898	388621.7673
207988.319714	255883.625633
271804.064124	402349.89144
418374.183306	320887.198943
374450.572339	160673.816004
298462.231228	392952.176055
225717.90005	178629.613532
177707.333354	274812.093461
204458.125743	241480.752033
366857.204418	190721.697504
217008.022547	249891.438896
181182.427045	246082.115567
347485.285085	329365.17593
265732.75747	12035.327396
353467.891536	298346.190619
458747.319257	201802.495353
100848.489248	234816.084678
196046.763	280703.066743
148061.246175	266822.485034
212600.867287	99358.3567197
178138.711998	215777.816641
362605.876885	351661.063986
161723.570864	220135.214022
241093.521356	376265.702165
238388.523833	256927.875097
310094.268584	260533.966521
182459.925235	385481.645234
338494.416654	231205.949526
288470.825237	276843.319255
61615.257644	277154.782662
264387.987803	350240.351965
43454.0720693	258852.889112
146801.287191	184455.428584
289294.774278	318292.207897
343969.861619	307411.934064
336164.07448	303931.624958
57951.8591562	184293.038363
238462.996358	150263.640459
68229.7020513	31486.7427809
321920.951555	181145.906874
294356.888889	242671.491997
226675.719269	221054.277688
289551.257772	335755.992925
173006.672532	267129.367533
256039.507572	408010.749091
337982.075019	498567.153722
103178.635279	228164.651534
408716.816659	175496.687395
240067.376983	46465.1925664
334581.709513	256120.170835
247338.492012	199323.218978
152201.01888	264571.722216
170626.575451	262045.606227
233623.914198	361887.647932
114696.023671	423079.172803
211468.638763	312665.093504
363885.542637	439282.486398
149647.809165	274070.423881
219100.017326	256391.644921
250511.646909	249270.90345
362485.407523	247488.069054
212335.211249	439708.883954
300165.477932	273980.687705
150427.114848	314167.291267
207658.425756	282829.450219
132205.952544	186033.940157
433169.226585	317113.792503
150366.678639	227300.292524
229910.929021	93205.1210982
271314.631761	281608.983488
199896.416935	226418.291474
205866.880427	304641.906176
277561.705291	280715.515393
301855.55229	233139.631029
299537.442696	118364.834083
171270.212528	240963.179481
289074.081692	192783.040257
354907.169	302214.852394
192917.291517	271784.265532
179979.798126	258871.54804
444932.021544	284042.381284
232170.27641	88606.1927924
193589.39504	95666.5908297
182735.348268	444883.701294
92592.1001292	325919.92414
346090.881794	248138.751464
248131.605662	225568.829047
238912.789814	258698.175097
324943.604075	254113.696909
216191.354121	186671.975893
221307.075679	150985.60226
215017.593396	305850.391862
155706.04339	241315.250238
120132.335835	348863.949288
102173.926852	314102.734452
289353.454625	212465.037247
231797.11513	213110.461814
295142.690195	146431.479493
-72617.6873655	380706.4803
175160.272204	408428.767478
271978.744144	423619.394135
285582.144584	308885.11189
324169.430089	203872.437103
119257.418885	212324.779613
108503.8064	369977.419953
238547.043501	338590.524205
132611.185939	259628.022473
213948.513061	247302.003228
319105.689635	413584.227757
179395.28035	183028.898311
181596.524216	310105.530737
344997.530246	320298.839266
227439.815269	303546.169779
400408.813173	442424.593909
160475.037864	154964.909071
155785.035198	103701.867411
210702.819652	263786.270536
201662.410246	505633.358194
292597.092553	257318.352924
120806.669961	140559.911953
230182.160961	411131.127806
302238.043616	180020.851022
568788.170973	204195.615016
12714.4356138	296091.817874
211186.532237	286395.601544
295080.05527	285322.305102
420049.990119	319907.846319
198036.766171	68626.8602332
103492.973442	193400.722644
213814.137378	333324.892387
247669.645452	320469.748529
317285.856495	257696.817875
309700.063345	500417.423272
248994.029727	117857.390641
141985.454917	188576.135958
179445.351426	23827.7698149
326906.739335	189674.081198
168394.469838	215129.613838
86766.9828673	316550.382625
165995.624825	266590.51272
353057.506364	204350.4562
244410.672565	259709.892631
247209.504019	260594.110249
302140.687308	258752.096556
260418.67752	360687.518322
184477.218117	343717.60406
75714.6344773	290206.056605
312332.853786	225111.260277
244775.008851	149406.822454
239510.950681	484125.112612
228932.560278	298349.945204
221301.631938	176335.508392
243986.480466	272180.743721
271627.369502	290664.548874
413874.609702	247643.972373
223362.669728	201276.835252
80389.7067036	148581.833308
205290.362216	37295.5044915
345425.060684	347672.91944
123111.029632	219884.721233
164118.342711	257907.16862
58862.8276827	197054.592097
226732.240967	135940.613351
279086.74836	374454.74493
337563.183107	223150.394468
275499.340514	301804.688581
293387.171964	263661.618817
17391.3855242	104053.325444
242347.861809	-103118.06103
179149.054409	271205.620534
190815.943685	218624.893251
243897.191812	374066.268753
193454.880979	45223.0493588
243286.994689	197906.99526
349352.889438	287731.759489
120390.245688	396663.72549
208819.528929	315802.760785
277432.996402	156518.77603
280593.245762	189228.12559
289245.233997	152878.287626
339607.227447	287742.213595
153470.063001	212225.158982
150744.460886	362883.839071
99443.9179373	171788.36489
201255.497717	216273.550634
261820.426657	259395.478537
231931.374784	154176.432941
201274.568852	354852.625337
222291.519598	169642.681492
189069.739212	290824.842401
203879.039459	252785.418356
359947.167082	309030.590627
214816.360292	148105.241418
191491.902707	157997.470717
238153.371706	108713.935521
87429.2725287	264974.688133
458863.974918	267104.410354
310524.010145	81349.222555
270002.906374	145552.909643
163462.902686	377544.780335
283800.492052	268661.099187
-12576.3793486	249767.98514
374077.928939	325704.56977
305297.822572	193797.47692
354533.942931	126541.121783
251825.142204	163310.776183
359545.661205	129660.778805
289524.816895	173901.366048
300618.383634	221429.396554
278488.401204	188005.369779
45541.5982609	110092.306934
59008.7995283	298812.843088
248439.21754	270624.505873
93239.978521	87635.8851368
453983.579159	328772.266318
-4579.7832371	220246.712899
236785.33893	321274.503427
266114.603547	202246.461297
367755.195402	329026.391532
294407.104517	353921.735488
265337.819146	308359.561018
359894.873834	162843.052628
342403.249607	323943.611859
369129.612187	52583.0665765
179678.144101	185372.81612
331260.2383	232878.015494
329232.181537	163760.050097
120644.214701	226067.559881
237703.488735	347615.504829
205126.560332	62604.7521997
282756.112252	115504.529481
186367.02782	189139.658712
177551.767651	406721.440426
220009.705139	287763.668989
274214.948262	339054.480053
361602.512989	201640.463572
170247.943109	296563.416505
331459.944526	237931.642483
404411.57958	446017.403324
233618.13609	233082.095799
330950.614953	308816.905154
262809.503129	217492.661209
325278.134119	163258.694746
284551.034372	194067.920316
204628.875948	316453.372401
173853.388251	482382.519963
229920.200937	198773.877024
108484.975481	83136.1409633
344479.806694	140706.362171
271641.910422	343988.337825
137751.41451	223488.197991
122597.076721	448285.507168
347681.672468	327834.586611
152668.488745	288761.739556
198739.696782	302937.832765
72982.7842467	284087.338605
184690.790172	320674.015896
156072.889642	300084.127212
209702.624651	484159.264616
345765.643847	322075.714139
187535.025618	375788.293049
307583.738732	328978.977958
144215.584541	130475.1726
341914.740541	190505.455878
232375.318612	186905.766761
296808.661537	188243.001412
482072.413442	254574.22077
265455.714654	345389.958591
389957.163131	164748.822597
168551.88799	193943.358588
293431.150036	260301.802356
298600.366409	254306.167573
292264.691803	354227.929871
286604.478284	140913.842805
179713.620513	355320.146557
178386.876662	253284.006771
127821.583352	215137.128144
267287.513252	317700.977989
119556.550463	321454.394015
385148.911869	251985.185513
224479.459433	241316.987599
167058.600614	233470.978559
215106.859156	328757.293601
262285.207749	214537.799483
93077.0144901	145514.769858
208848.627183	404319.564777
107341.405766	297216.806119
301909.100578	181537.341036
276176.971248	493437.996401
366809.287281	287164.607141
235927.182827	335887.43851
302205.552258	214935.377163
240271.801446	356050.742751
211066.610627	403847.651791
394090.102333	229015.54311
168387.38699	210433.45756
151761.531498	252498.092967
131292.3938	191344.622948
397476.300278	295277.997143
158128.570156	263874.399248
245201.248159	298699.056854
276034.69384	455808.323928
192300.185529	293393.829433
147517.568583	232980.68756
399584.779403	263583.370881
432021.33826	209452.45869
375026.860252	367588.10896
170151.045033	260463.962333
338367.55044	244459.74563
141632.825476	356682.761945
196073.17787	227539.326993
255881.312147	349025.701213
108751.019779	213100.77597
248778.049993	170966.77742
226284.746836	170134.578954
152790.531837	340585.682316
390214.557274	196719.764475
294290.498588	91591.7331716
214084.269424	246299.843735
131264.588266	254980.984118
292161.902026	196170.864695
174981.778797	228461.565567
195701.255942	443117.113713
208954.832176	290022.318234
285157.337133	355351.192754
254977.372664	367698.020118
174676.675226	203001.118118
244426.091458	262494.592614
392512.857097	255389.693637
156523.952937	347312.286812
357188.082948	317518.271381
227392.086096	247790.504506
241892.81724	314346.198426
89537.4405371	185099.314934
337372.07215	212810.558777
266497.873578	299127.204632
212098.678174	258049.089032
357709.107855	185464.100334
321136.205273	206590.939323
237137.376706	318951.266527
318096.250436	272741.427082
88023.7440006	485132.598316
304661.853336	300639.978905
308504.88751	143527.865621
110957.789411	172944.406442
278542.833855	249316.085807
366631.358123	365984.977428
180292.408258	168957.444376
323368.247138	323803.25033
194259.787229	297897.145274
348521.654488	141687.830653
461693.791702	213310.825892
254180.130714	241575.911323
125372.845988	172877.517667
211672.34642	280841.974825
298258.242475	252061.38646
105236.927723	253813.922128
350266.193113	264434.32036
298599.867866	153516.97676
123364.807076	281329.213952
13162.101683	351214.428458
394330.999787	168435.348248
189689.702813	344542.628589
297097.169897	247806.601991
242343.705303	359769.417159
225170.156039	287685.997397
318950.358735	294290.163323
333831.727192	108793.04289
343718.091572	185378.084066
251461.559988	258721.336147
268212.935718	270695.498413
101863.12395	66385.2518298
153438.799202	258084.405357
230631.430812	363307.335806
396035.332533	191854.983578
113426.079047	232755.589265
233680.007492	266737.731981
264124.437658	376181.35409
137099.263677	149631.547384
205827.50291	195846.678791
192647.421983	121045.126749
144099.811827	270261.738546
183696.470297	371741.860985
276575.49015	341813.032942
326225.916214	226554.904172
322744.91979	101425.330005
201111.453724	218650.79033
20643.251469	139312.716048
223536.459139	257138.791303
104816.863927	287688.068848
258108.858929	236328.47943
196539.06269	378541.037184
392690.999879	290905.394824
377379.077203	143233.774113
68778.8554838	149563.829036
192725.638709	108899.56905
219540.889067	150348.32079
157356.495199	281111.030163
315955.058606	98519.8578397
295914.969053	245375.503169
220686.707171	269222.917944
392669.963797	-14355.10419
194087.726601	206931.998891
92909.2798072	139504.684286
295689.332589	218100.520453
269330.502662	387426.949193
371097.21063	237182.35737
310453.541181	245908.036441
198653.607283	133937.263475
381196.871247	174199.337831
187711.962938	122929.724976
91799.7895375	153312.521688
50904.5349731	486706.537655
238037.466543	185145.869203
353428.788621	236167.057252
289736.687336	191529.550562
239435.885796	181191.142233
230413.695955	247609.416126
322048.987433	143110.13328
199436.673689	193174.646354
269029.962858	154133.222351
349368.000316	475246.073372
202452.417045	150460.258527
207815.804167	174383.68485
236830.486883	192468.21757
233741.229852	300182.513415
400727.57434	354092.548116
268703.441908	432212.245682
294067.537322	215046.440703
342759.903211	399730.310888
122452.193856	202357.641972
262957.762063	282505.565166
87486.3916069	252529.682611
272437.352291	243950.402296
263854.848629	234140.565995
288827.385218	269034.410454
145619.649772	211348.239112
243043.680308	192697.139379
152108.304824	169766.049398
321266.268314	186204.919946
434581.673971	400391.263098
174033.252081	144009.912034
189053.586697	239222.254273
142163.259934	248024.433507
269910.197498	266452.134626
427373.594731	356618.066131
203768.620444	308179.271436
102804.383795	285031.308435
161098.850336	115753.605207
189605.744683	176260.503547
216203.856129	252090.980156
78118.048316	185246.322136
295351.079471	353288.131803
169225.096418	376017.13722
17036.3282864	231171.406881
311106.148549	335746.822808
269245.288162	181768.136415
248006.0996	200326.490533
310582.351025	263446.955281
302438.85987	231611.158875
227366.242599	56143.7699222
251289.893051	214949.362967
148701.77766	302822.494157
344579.820979	233696.555849
275503.748126	188799.362345
375490.855215	60611.0120478
232508.10692	194929.622708
422036.381969	187338.573348
241040.478343	278298.494771
261681.693692	260109.030742
281656.017193	252906.807709
137210.816575	350181.275872
246612.641802	314223.595831
187071.339239	216549.244711
242448.991284	123238.18254
115233.306033	275981.401218
194254.439373	269691.130515
180986.63932	160005.080335
359923.690467	225772.340674
215278.69609	232560.034032
325570.5439	255189.287501
114449.483183	222592.811495
114752.490391	246331.342961
205890.654375	302896.692588
423796.781229	41199.7926702
160679.892235	268049.186939
447551.354295	383150.883469
368516.575874	243161.676271
241318.487774	274778.417395
352024.065229	-23313.2614425
268079.782463	330817.539807
344830.22922	276132.915399
204881.54384	109201.06051
238665.01025	170671.631756
235467.633861	264488.376956
193597.16545	173100.3096
185915.645429	245074.817395
96046.8110691	381386.735819
349382.196672	230659.638645
108517.889622	374910.992505
203146.841766	118857.906837
285622.857128	256945.50314
239407.533122	276715.633497
487042.019913	262291.400563
75966.9929293	60306.678373
239075.162497	326091.065123
276736.479008	214121.640842
256143.900739	261936.702568
212757.595124	158201.154006
198263.49977	262010.72184
175771.647827	278716.957089
309184.231362	349417.402845
246196.960747	295541.391017
306852.383343	401690.255833
248186.163028	93148.305168
264099.170329	232682.870724
192754.327761	288001.559457
73922.3987899	155064.033334
221260.2131	153613.14111
254220.005972	219192.761436
311825.489908	242815.107145
298167.337835	184522.284926
280592.597747	175503.672146
252958.841356	70005.2325777
326145.061906	375584.334557
122021.773661	168881.952593
326397.256574	237862.164428
379743.6772	184365.828482
322716.111261	329612.976885
223336.550697	196977.234801
266708.304604	178872.194211
211416.189557	275559.358053
173183.045667	301457.389263
240112.717299	81054.7535656
375961.603182	266278.334686
166560.641981	149348.347546
172062.405972	242986.583222
274335.026949	149048.359334
156780.526836	285322.671663
174102.454062	439646.849423
256407.079448	110177.107711
298443.161425	263427.60769
241194.597737	330008.329956
179903.411332	375461.014651
176507.260581	58339.6240892
161818.994279	295603.529739
265208.620532	390142.505672
263267.378233	225455.527355
314782.105965	59049.0044928
137218.991568	315919.114133
196594.593834	292606.034971
388127.591871	408783.889332
302416.025529	281547.008157
218820.298125	246197.197654
345697.596646	299721.651257
186761.909912	298199.684757
211276.96631	252432.060918
142197.198411	199454.507697
106407.305555	160616.382312
113053.603836	215989.492835
242753.785099	208687.922558
212786.339766	337858.878526
150094.172522	299718.534899
244307.07702	317315.758638
194472.602621	259546.600998
125400.399206	225391.29848
397267.466585	77612.1434063
523673.952841	255139.349986
212240.351157	381024.701031
193353.985554	396230.131371
331771.991265	249061.952286
282986.583796	176642.658351
212255.335276	296400.44321
376489.228954	264525.429643
88747.3973588	221570.783454
200058.67117	346201.524874
107067.040666	269973.710161
124246.004589	366578.94519
200711.511763	178974.239765
157960.48881	171386.2198
218676.870453	153954.967957
297057.444278	217352.300558
265307.261445	294218.269145
248117.930161	226538.467059
349313.02422	193389.471853
321162.639689	107074.833939
242165.258488	233563.562283
253963.205582	399501.184685
407974.989075	252089.824779
346302.77111	118387.483501
274668.992242	183503.949962
189867.815045	275110.204832
262186.79077	301946.388243
113311.086908	293460.921584
256631.196071	227990.480404
256988.431257	356527.347131
142025.270356	279328.528048
196483.395597	107190.982804
365506.938536	205926.868067
363011.945744	252166.098096
345977.861412	147190.550458
224374.280112	289863.56655
474150.55941	152346.176897
192628.555858	52165.3138415
220482.25759	117623.619463
207548.988132	240781.804779
226926.564902	268351.361022
205420.618801	224580.580331
297030.279723	191724.654765
148722.754947	206995.201541
250469.67874	210738.864096
359467.817926	106702.100771
257096.874183	290487.759784
281869.351398	158973.669793
281857.745489	205134.329258
412655.855366	283380.211646
281717.463965	325297.165377
317891.950816	243049.884928
371042.56379	228441.166735
279688.748778	319818.074758
396278.09782	220746.79558
142790.401918	289402.381477
269580.161737	276543.57069
215447.799652	410306.067565
432127.709582	37037.3135547
232275.52443	172081.492163
147800.448814	154103.522536
