180316.582573	28978.4252876
229690.099861	166062.925757
-47998.2077385	3278.01934779
-107513.621589	-45135.5508021
31759.4056966	-152589.852042
128349.966593	-45200.39206
74507.5375843	66275.4938317
-5022.65808621	-27038.3975397
63393.8053947	160626.261179
-111057.997572	-63043.7120579
-14071.3868832	-242697.105251
55373.0433406	-119947.017058
-244694.952625	110538.401972
-180038.02396	-9334.89636048
-129776.556372	42611.2694746
-62142.2682617	-54015.3166001
46699.4500728	4701.13932972
-217580.951713	155328.818562
621.920861589	11678.5882886
74601.7988238	-228326.701018
20915.2912757	75665.9482615
-5903.9037833	18365.6557598
21313.9822434	22702.2955328
-36794.0360901	-54679.2404441
-40849.8206097	60644.6234566
43567.2420718	-76155.1601136
-144976.725196	40338.3195572
-130486.820082	-138799.284478
-55125.2415738	-14655.5606236
-6199.60619075	95807.2341634
-82301.2965184	-162618.53504
-42485.8766307	-89513.0116607
-21833.5092066	19217.2792693
103097.38767	59983.0515872
-149528.347931	-29402.9034889
-27286.5230458	16111.5269144
102948.803237	41813.9533761
-191678.803386	-38720.1979323
131495.927521	-202769.835661
-19511.2191312	-22090.7305201
-50083.2722293	1817.99543286
-56656.6552809	32050.178496
25580.1477192	132349.778929
-50891.0577892	-63514.5849225
35715.6996328	333113.61678
24317.178045	25928.0949879
100706.584069	141080.379858
210063.147305	314340.195161
113431.903304	-255043.28527
-52781.1949366	57712.9802407
-70152.3041602	-45194.9467427
119822.265927	-2463.11464326
146520.326028	38343.7689803
-93167.1377911	21874.784175
-54071.7172886	21663.1627625
-139675.831343	-88930.0709596
-36703.9145306	77308.4165737
-45931.0439496	-146804.461113
-29161.6347542	-33004.6392029
-77869.4968667	34281.139539
34385.4282723	-72244.5452503
-126327.138093	97286.5447487
11883.0191991	10891.2589071
-32401.3252073	-83655.7955505
55500.8370683	-106055.656935
-334310.992051	50009.395356
-8279.26414392	87603.151277
-102315.475472	40016.0201167
-61231.5953549	-13930.4330954
163825.567874	103707.027216
83291.8384252	-51742.7180168
90914.4656606	26180.5835082
-95386.3557771	-206759.780583
76380.7960069	-18968.4256179
-43239.0245138	-56129.0372388
37699.7520972	38628.8955664
-3455.99292961	20257.8107548
-62261.7339972	-21521.8013661
33249.5737767	78182.2608101
150019.065738	217577.44744
-236157.832231	-140401.442873
67726.3921723	87022.7816671
-26041.7099061	88403.4220971
69516.0097593	-29903.9437905
-8493.64585484	-2449.59906705
-142022.424066	-69839.6533046
-7420.68860408	-64226.9968823
69464.209568	-120720.227675
52559.4402059	-58444.8223612
10859.4773439	109419.638514
-248125.363461	66934.9811509
92859.1176605	-89261.7355224
-68626.0181666	-48781.5121628
-41681.7570185	-100189.699767
133154.006227	-35402.8726939
211884.881429	-68820.8905852
74909.0614804	17852.1882469
1020.21653439	-64225.4144264
-111359.683062	96722.8907798
-93411.5578598	35713.1632188
98597.588196	-67490.4548938
-122319.894869	-30637.9411865
85717.1195958	-10245.4829127
179967.615262	-27016.690045
79154.8987062	-183933.018346
-198888.336524	6204.0944262
-30619.6420538	48502.8824475
132571.847918	14869.1556417
76664.4961125	-20462.4635393
-132601.24267	-45335.5354664
-77141.589144	-94925.7188742
-52726.9443488	-16713.2874024
-64973.4700207	-51343.3756451
125758.928594	-69713.2570072
111943.629952	113069.717172
-51670.0363058	96682.8395437
-1234.4441374	58721.8263761
54312.0504999	75615.5793361
11890.2083206	-33496.6322526
-108838.36501	69877.6409428
-1775.3066323	173206.754299
-112872.699966	45175.6714515
294695.27875	1021.91400642
88955.4166255	-56347.0495475
2956.91394841	-92157.0493975
165036.018226	-64869.3113269
-6810.76107825	-93683.7823012
263737.80978	-102241.627988
-84609.9090242	121331.432769
-86135.0105129	59021.3329928
94146.6960073	37940.9356861
-27876.2480287	-3938.35692904
-227766.963652	-20052.5742532
156230.95096	-48805.0689222
51334.3048178	-61066.4040167
41739.1568012	162947.680464
-181025.713796	-214488.596313
180841.714526	-99665.4221961
-25530.5009352	-10409.9499093
-32506.0041335	87854.0806794
-232378.218974	-6743.25024347
-162745.886804	-104188.863128
-110678.48344	161616.437357
-100419.877307	-215589.833515
9599.61963274	111957.156277
-27901.7808443	53161.9789602
-12099.3260113	78184.0458141
-102175.352227	75121.4266187
97433.4444739	-268923.799592
-44623.0927786	43447.9345026
18197.1297611	-141866.083521
-169324.723606	68524.3240041
-161757.346056	209098.222734
-132976.843938	-74558.2906819
56666.8540105	-29494.5500901
-112596.425387	-20283.1007037
68238.028643	27606.2034961
-39213.9459877	-80296.5040844
-26477.0690509	111137.240911
-49736.0640858	3812.26332178
-70034.7786081	-57097.091247
42540.34453	152150.959137
-46541.543667	-9812.23593943
15120.1370207	95382.1045864
44228.8876506	-42898.4954716
-251007.206603	-7401.47744137
26664.8634067	-20045.7488586
-61852.4030574	71827.6298627
145439.886655	21637.3907439
103080.809031	-110489.484614
-63562.4960973	58558.601285
58025.0742932	-5916.71796482
16908.3314385	252613.339196
115484.741159	71039.865258
7848.23084029	-107540.099214
99027.3998749	154744.468622
-159368.37714	-101709.524898
152300.191389	-234202.358976
-35382.9332692	-207607.885271
-132227.862469	-124314.338588
-63967.465408	-60475.7054989
-171478.71663	-99867.2639929
-140866.047466	-111079.558981
-234987.434571	124885.344644
17677.037379	225029.003093
-120023.018016	-34837.1713696
-65262.3421175	-4889.78590674
36311.5898105	50396.4129113
-23755.3631788	-77192.2962216
181519.067387	-30523.3200783
12605.5317198	-84678.661222
57786.0076628	106586.29646
71144.0070575	-137760.699928
21014.9003288	-151186.95606
73756.7163546	-9163.44109852
31515.8079539	175466.396556
59164.4773783	-140294.207986
101433.816952	-42535.6208713
38942.520927	-94359.0801973
-38121.4141086	100855.057714
-103446.132382	-135145.011175
77703.8446803	23196.5700601
-53087.2942902	86823.1047767
51383.6437139	7648.07581275
56670.9015307	222939.566511
198696.223184	53754.3990174
126475.358664	75737.2365389
-58676.078761	-43531.0624429
-28825.9590211	-99718.4591589
67255.53448	25090.3182805
-124895.610217	-187428.841473
197202.829019	127168.152662
230251.747672	-180486.057025
74604.1191517	-89140.1996581
-112744.625873	107543.30336
17748.0790445	-21747.7400273
-46662.4165092	-123134.102232
22779.2658959	21147.1065354
93759.6042191	1940.68516534
42255.121444	53081.023805
5754.88188617	-10557.0221666
64190.4906907	27071.8958099
31380.4089375	-165869.40468
125893.972864	-176753.159495
9580.66245943	196940.482563
42764.103215	-19373.2612181
-111073.677045	1681.96714312
-59740.4294144	130154.305385
154327.14233	49708.1100811
4891.59982997	-60734.8541126
44440.0394523	-87507.2922365
-192102.302934	-79218.3309283
-8870.81693332	51011.7421637
91553.253068	-237776.13529
18315.7372988	-53770.2756395
12203.1568878	114161.687517
35869.6764175	-2431.63768163
40467.3324443	114675.717366
-156482.547487	73811.8804842
-91862.4834656	150312.318151
280475.925126	34843.911081
142546.007728	-224459.482402
-98363.9348207	-105156.498757
-234432.839516	79984.109994
17653.5700725	-52322.5418058
-61372.697259	104455.050536
101470.776147	-160836.940034
-118029.214188	-82266.1961646
30097.6825568	100247.171048
-222599.152154	38882.5140972
179037.058191	124902.163665
-21354.634873	-211591.774254
75884.5645964	127279.835908
-91402.9787884	-14158.3360915
48833.1917323	-119223.208101
-6702.48673542	-1896.35398327
17651.6473714	-13193.7275837
-148946.622762	-40479.8037624
-108329.987571	-28485.8692231
-5168.31121671	-57901.7349521
-100229.938479	131938.323923
50978.7314016	-168744.863561
-41461.8910316	-111781.222793
15453.6704067	14593.0605987
111921.711381	120779.68685
-144746.221498	22277.3055932
7700.94070826	-133049.773107
32951.4703866	179094.943656
117615.172231	4489.13863697
58745.9437065	325585.369007
-55413.5946614	41994.1865077
109934.816314	-229906.461785
56341.4764257	127694.235382
6939.99208364	25558.0959318
-96677.6792111	-18738.2524186
91626.2336399	-28829.2422897
101002.177249	16706.0461561
153039.076073	-133973.36085
-122032.301467	125131.899623
29905.7021058	31088.1487452
196293.563464	-152585.476053
-10545.9121573	149117.829047
-146113.249243	34995.670202
-187575.344637	-43359.9141315
-35787.3074773	-24605.8158874
114393.239548	-96780.9226079
15741.4911419	-34936.347491
-127436.141978	-118245.952928
-10658.6837597	14342.2202382
1459.16464489	-22560.6070518
24486.1082591	-98916.3944788
-157402.657589	-191731.996611
56763.2923031	-2289.0141465
-31552.4931238	176430.153162
106832.921228	-34522.9009723
36247.2156518	250932.449611
77560.0495373	-126734.855554
64769.8255936	-24862.4034727
-55186.0116154	-113735.202746
7469.11652474	-119497.335656
-238477.633905	-26820.0177332
-28645.186417	-65671.2900446
-12695.503505	-135681.068629
-46189.8647225	-7551.39591146
-34888.0893707	28885.6410597
35875.7189096	-29854.0749002
22547.0855543	46512.6993715
80119.3970071	69116.7643263
132844.345656	-23373.4094869
-93552.8755158	89123.9616755
91265.9341091	-103239.513157
-103097.307996	-67895.6202573
-59257.718502	-122654.022907
45453.1577523	41476.5727687
154405.819959	-45474.9338096
-79370.8126865	46207.074207
69929.1102947	-95379.36436
-46816.5193515	-25538.5929151
-108018.800251	47901.7279397
-15704.6501438	-25916.4005692
61949.8796459	41339.3030981
-39929.514342	26746.744409
34365.1068306	-8614.27875786
-32630.1714608	-76631.0609461
-137878.821787	51361.2516674
26726.9104205	-56891.1443296
70503.9710661	17097.8338484
-38188.6929629	-53723.1643005
121697.227115	23802.1022367
-25442.621543	-133528.638835
-177641.521369	-42493.9203784
803.454639621	-204054.849153
27545.6633925	107851.487416
97368.2700077	85635.8504341
-28933.1967338	19759.3804658
73443.2494046	-139996.978542
2669.79897983	65213.0437882
-185314.337018	-113059.672353
-38897.0698386	-57432.8352117
62148.0452399	-64230.3117087
224647.048932	126923.445807
-140503.913542	7116.94812043
122436.309503	-89890.8940354
-68988.9368488	16524.3697816
87555.8611039	-148517.146569
-42878.7753223	274674.773151
-181914.045617	28505.9672136
-42840.0352073	40015.0639528
-131266.873369	-17428.4733862
-12794.9752598	10357.2428981
-12609.4712967	122856.285816
-40653.885607	-163163.541871
22851.2574346	-12790.4189792
39090.52823	34681.6667437
-133699.724568	115010.491328
-122559.025795	130560.077362
63346.3481667	117082.183816
28924.8801652	-28932.8786804
-19594.8846502	-50850.6458282
-66449.0129303	-42273.1813533
-101418.112316	-116385.956818
120426.02769	123241.692682
-41835.8730931	90842.9135131
197068.762205	-9893.8885943
-46016.6812695	87016.6450578
-71487.2774813	142695.768757
6087.29937997	-79686.857415
1342.44844504	-57727.2221724
7399.07324366	177675.631902
-48998.9975202	68991.4866109
159791.090244	-39941.0439727
-144625.370462	-136980.41707
-13757.7979268	169922.100521
-78864.7163947	-189592.30535
2615.10390286	105585.772322
77547.1102177	5175.48741864
29906.8328584	-106413.848831
53302.0474372	-148080.249549
161709.737463	-153799.536914
1973.00117772	-77658.2551362
-157757.746206	-76706.9828473
74802.66611	-45138.6433581
-134159.981826	-125968.019328
-76132.2118903	-127758.541935
-267399.472242	154188.568639
74169.6700428	39149.8696303
-28650.9147856	148519.201754
19816.8523976	-44317.140767
-94581.8376164	-34639.7408416
-98958.5554908	-41481.2361147
-238529.620526	16723.0347357
-4770.21464026	7628.50196154
12540.1315781	18244.1160795
-15030.3412385	132245.539054
-116111.883409	-7453.08336599
-10325.8595796	-145006.340396
-69319.0361389	15223.5300596
32383.5024801	32980.6830047
44098.772362	-105420.547375
137290.7276	-66399.6320631
90589.0064799	-101251.536076
35888.1017067	42866.5114816
31954.8769822	29532.6865868
77612.5955613	-58626.8979501
21263.4101861	-111374.349236
173262.003743	-93104.6875404
22736.8637802	-156756.846114
-5924.82066201	85607.4459409
112919.717683	-36139.2918799
91294.9194396	-158077.243989
72542.4536834	-64216.293598
-125861.949798	-51005.2503148
-122628.112411	-144466.259629
-35046.6264575	26626.1959929
-78984.7555292	-86681.5478872
-394.43530048	-208127.197143
46889.0986478	-111342.152751
-33635.312295	13342.1066637
28014.7234896	106600.432799
-78890.1308788	-16751.584197
143235.481105	66801.5466529
107708.004668	37072.1345257
-105192.241048	229621.376963
33445.8091639	42177.0453162
210385.755508	-94592.9135386
-19124.8465345	-172886.726545
21109.6739587	61861.5644591
62483.970679	35195.5457978
1337.38786341	30285.8599097
-75169.5264986	-50054.719745
207332.615844	-44592.5946217
34285.8222405	-142203.316562
-126552.641064	-99488.4725487
-63303.6972492	-162109.171137
-25461.9493257	-193373.801823
-27948.60417	22247.9904436
21420.5536251	45873.1719566
-192438.15187	-169990.734459
115825.074618	42330.8971409
-139448.101499	-92180.1069122
-34937.5623416	-31024.4042674
-64081.8085332	-73249.5205127
34144.6774529	105412.657113
96953.6812369	144617.160602
13436.6104776	-5032.01242477
-47305.2619201	110138.030615
-82321.9732984	-99685.4122352
-91919.2334882	175268.161526
-55522.141047	-110887.214417
-204713.358424	79483.5434521
53033.9136149	-86351.5931673
105917.402014	110815.989982
-51229.6211237	-92418.1489272
48625.3466672	4600.9153261
159746.941164	-17953.0885463
148582.834025	84343.972166
161002.646777	98447.0338495
71993.011226	-48624.9038508
-62119.3009363	-129057.172231
-42112.5938302	26949.7940535
236795.366655	53634.0287206
-191914.504939	-208241.572823
39885.235014	71770.4533795
12242.8910441	10138.8715035
2403.95871142	36596.5540144
-36935.5405843	64114.5303998
44704.8108628	26408.4067812
17178.9247772	-12368.7726812
-80515.6714035	108218.426645
35187.8257229	-68631.3130442
46478.3531502	76675.983827
92679.5472322	-161322.997053
-220532.396264	-1319.54961955
-40373.4624553	7171.91194309
-76266.2332417	-117237.757531
47975.8647922	78123.5692441
50056.7131161	97888.8582765
80986.2235099	-88496.9583177
89574.0119108	-92986.631075
-39364.7771172	78710.7700504
80409.0446949	-11791.1945363
-34177.5479156	-121636.339703
103666.539307	4492.95203832
197805.423805	45370.3338057
-91995.6029188	-87023.8226062
19703.7347608	-12356.1056523
-58026.0711002	-136464.333695
50037.6268903	22317.3187631
-54341.0381429	77209.6846534
95929.733222	76144.2965885
75105.6387237	-54428.5092682
107552.536324	59099.5439419
-85755.1949554	-78882.1092255
-86692.2186524	104283.3174
67729.5344244	-105057.05448
40927.855139	-18664.959769
-137731.83689	62217.2831263
-145919.923382	-112761.117535
21545.1447366	30660.5401831
64790.6891014	-60235.600515
-107348.738757	82810.0542356
105466.329635	144505.877883
-83722.1689154	24945.268898
166612.295308	81805.9861999
-35856.2720966	-100187.652617
-1479.96329381	119854.584257
-43119.1436764	27911.8246402
-134469.08277	155138.744583
-75634.1712344	-31609.5113849
-91845.0853791	-15839.8921787
-116387.562226	72210.3336139
-40132.2279851	75630.1336142
-92722.6917102	121569.668519
55317.2893368	154754.824659
57008.8885289	-144661.132817
-41128.7852765	-203218.378929
8563.6355486	-28015.1351141
124599.267688	-119217.928309
-64299.6059008	-31127.3903033
177237.959995	168488.847609
-245371.619204	-91672.41109
115891.710401	27.5031280354
76057.5865978	151985.859843
63392.0403508	11831.6404041
99473.6587509	-124245.124002
186339.681326	-87429.7210488
15727.749842	-50581.3259778
-211064.59574	55108.8314874
-61860.4974724	-76634.9396427
-23760.0653369	101658.914976
-141524.402591	-43547.97231
22643.3522523	8959.99590205
-136630.667482	112217.491088
147517.261657	-16401.5366242
70512.2938037	-40916.8122655
-153019.185303	-32344.9040175
135897.594713	334.537196914
21954.8014259	241248.65528
60081.2933485	1976.97691554
148810.530917	-44267.1233503
52309.6221135	133632.853954
150734.585373	28288.3697317
-30847.3583907	-117997.465932
94848.5808546	-77398.4286044
66810.7401786	36449.3254989
-42015.1840173	-24635.9070921
123889.962416	-69593.2693678
39223.096279	-120221.446965
45071.3057211	92249.1145373
-10532.3597557	252189.841229
-5830.74188484	-8680.98146667
33434.1710793	3230.2434971
64947.6374857	84306.7590575
-41971.8482848	-11425.202599
-258801.008793	-75492.8489033
-160708.775523	173695.58663
77347.6238027	87261.9250181
76707.5076537	-146495.34377
-94350.6809772	127758.168754
-35090.249815	-40602.1936366
-2940.32526287	-50624.0397557
-5767.24519937	2074.62120063
8717.05272592	48529.3922098
194350.79674	63342.0407921
-50078.818516	-2573.31242099
-16632.835829	22050.2224235
8606.03778709	96670.4511744
-88843.3879275	19395.9948382
-70408.2800941	47690.8873436
-106184.691592	101961.352155
11301.6386888	-41042.3349473
-29597.3845494	-179995.657773
-19357.0918451	135419.46588
-114087.10058	-166327.746292
3293.21063463	111987.513917
82535.0431872	-31121.9273072
55364.1884549	53298.9185743
15572.7953177	-1101.55066674
90717.7310873	-47083.4257751
11322.976846	-136226.585864
63917.8538557	16915.539474
-89318.9745486	-41628.5477989
185717.077227	-46779.9102471
-61733.6367809	-89821.1431594
200682.472584	-133992.362798
-28328.8293778	88680.8816511
-54742.7031845	-81810.5831385
119198.668519	-46525.0912654
50024.9623911	-11931.5051974
35700.0127812	-2743.14174772
-121948.988922	-114640.16623
78457.0916498	-86496.791374
-122098.424208	813.231187413
10503.2740053	18958.7303806
-169751.596719	111822.2924
-100654.950431	51319.3077158
88568.2993211	-69332.3924219
-115137.290391	123030.931729
-126570.401681	-114598.425836
25320.5221289	86476.8767624
94483.0457626	-9798.10408839
96973.9791052	-73287.9496702
-52231.4986638	1133.74232256
129204.612881	-187497.139442
-214628.792378	22830.5068226
196220.931692	-110173.865049
-22289.4144693	25393.8767168
-130628.046422	71036.2048788
107319.608367	74772.9010119
257999.767357	-2795.61475104
-66595.4927265	229745.796343
13326.6249591	-213092.100464
-77629.0601138	-137242.552105
-42385.9932154	71852.4713016
61337.3340948	47439.0265176
112125.82109	7410.40138137
60048.4963202	69163.2498948
136223.81953	54298.5031345
-179976.489738	-72603.5362242
-141898.939221	82796.4739209
-48994.164949	-41251.257246
-106719.214122	108499.978769
98940.2305587	-52081.2122763
65003.8553944	66415.7628805
-20702.3339177	151982.945024
86646.393129	-115719.631347
-12676.3169757	141333.044601
117280.663223	267742.510913
-37017.0608882	153236.732261
145494.280685	37080.7311965
218786.679209	142582.740134
-86368.818046	-119320.010183
-45902.8215105	-146995.916274
133541.298202	-4083.83946856
-62598.872583	-92415.5417042
-1823.5954773	-31481.1699712
151045.246097	100554.944448
-48339.0098908	248617.673375
55871.8861627	79795.0142058
-32557.6863799	-43615.7230792
-134058.202382	3335.53523958
59861.6325606	-63519.5550022
118805.670369	-128492.350294
-25122.1488457	4229.94807305
138684.5104	-158970.419472
9944.48743922	122694.877429
25094.8027882	94872.090454
-72176.52344	60568.1374869
-72580.4159711	130453.166373
-220311.833925	-94176.6644526
-141073.207827	-52611.0092166
-53826.0919132	218885.233802
-4301.02442716	-74708.6933046
-2302.35000263	-244719.992686
-141376.192752	-145290.51952
-111593.36718	-12540.0762185
-33745.7642113	-165682.363987
-38401.8611599	24715.0242995
-57418.9536591	165666.776685
-254327.251571	-63546.8241173
-63401.5753092	-49873.0697513
-24749.6696653	16939.0301874
-29683.5401419	-98658.2183395
-90913.1442773	-98073.2040247
-78248.043063	-74515.9930803
-19299.0930286	-17178.8071812
-114139.211336	44216.3881737
213476.328959	13014.0677145
-15172.9556561	16756.073831
65263.4797724	16239.3591909
105378.667573	-19891.7787307
-181629.317667	157942.558209
108851.972101	29378.9036678
74247.4036232	-62451.2248977
38749.7477509	-62044.1221132
-82592.929556	93822.7283568
-46012.3461329	28144.4763337
-103979.386881	-86645.5807966
208024.449246	-67774.6146522
-12576.5586161	140273.441479
-209962.336666	54717.6169907
74506.4818803	-100955.539228
48710.3072159	-41402.437048
-109405.979515	-17845.0982937
81792.6332752	99125.8573507
13726.6927129	20647.9124397
8959.04786162	69323.8175357
-95294.6453369	-155401.488578
-160864.536289	95226.0688745
99233.2110565	20406.5960195
56269.8574656	8190.44613223
45017.1747394	228514.257395
-111318.690651	-136295.7559
213627.660549	5126.92079462
48911.050645	70921.6694213
-194025.786587	85490.8631129
10343.2486002	14148.0228029
157132.197046	3915.11759983
-144193.493316	-32340.2999092
89159.5472982	-16853.3820821
-123275.565575	56200.8620421
3229.18604567	-91380.2292883
63864.0842685	11135.9123282
21179.1027556	114454.225462
-415.311174253	-146280.970871
168927.757846	-7385.99082337
-133058.626934	-70699.5887608
159817.109163	-97935.527307
-33436.0424212	-43392.5411787
-131733.227229	185730.161199
-23795.3571137	-113658.600841
80051.8698734	59800.5039437
93292.0114546	-183785.918878
104441.461998	111443.847762
14729.2879449	9996.40971393
-16955.6129689	13681.4134709
-122167.309614	32992.2598841
-58169.3618288	-62498.8224302
176889.11889	99183.6841195
-72293.6631503	88075.8016237
-70184.7799909	-117401.585156
32926.4772107	105019.708484
124815.491907	-263927.601797
96142.2450058	43147.0432894
12786.1917936	92319.566456
61884.8053569	42834.4165398
159496.664443	32504.408018
-58680.3700683	-53895.4081389
13867.9413189	83620.1460814
-65276.453404	-86611.7127233
11031.9538227	-38932.2259535
-126381.249594	64376.6522257
-136526.379391	-41687.4605354
42092.6723819	22537.0380697
-1331.92104863	135286.786397
-138073.294163	-1371.67937262
-80879.4947928	-41758.3399023
-61434.2211976	74763.0833541
-20175.5842304	-60256.4307623
109692.321409	115860.808296
-41493.4365728	-123637.039921
-72685.3664438	42541.7632663
-158851.905903	-49081.0499092
23369.1958281	-84863.3707501
218849.728225	-13684.2485216
-6710.41477505	102103.993539
7021.75789493	79227.8572937
-62900.3915627	102686.003343
74762.1336628	133087.16569
28594.7166621	73338.3861221
-6994.54574848	212141.603228
87333.7342361	-43328.3810895
-127845.008206	77456.235592
44876.8744167	80523.6119239
20217.783898	34933.9219465
-98597.9760919	-148251.206687
-37939.8586284	70192.4446429
-106263.936074	34202.8057768
-31877.8073427	-137296.587285
79336.6662639	-37096.3560988
48099.7152321	-104902.823043
3409.15229439	48699.5194167
-5803.12521113	85368.5753448
72564.5242853	-66731.361549
-70100.490711	-165750.202351
155985.009729	13189.857531
47721.8722944	-21930.0380388
-33762.3146916	-126253.239837
-5250.67060575	126872.149695
-55365.9657306	84633.1848991
6009.56091684	-13267.3399295
-30232.07546	-233487.472151
-54261.0460694	-70612.2121675
-19526.0941838	21385.5105383
-15095.731918	144513.186731
105245.917073	-93255.851607
-1188.41654169	1141.21625178
6341.3454021	-204066.547912
-116498.338212	27468.6289511
146220.417787	60385.5440398
153256.026707	-60440.4544681
121082.745791	-225523.342043
-70866.4351617	-126074.237744
53683.7135186	-74568.6256098
-56703.1437255	6410.51154062
135152.494785	6845.96458019
-80540.1920176	-97528.6166025
-103511.984922	24061.3521147
-2976.63118597	29077.3869478
-16426.0707983	76058.2702708
-82456.9838943	116843.029551
73773.2711684	-130925.405897
218174.844492	29799.606469
-15040.3361402	164994.66138
37367.923781	87191.8217517
-208930.973248	-126592.668658
-149431.130469	1718.40517258
-26056.8951426	31812.4282473
-95377.0190523	-36981.747176
-202942.442808	41504.0971223
-35904.6418648	13083.4677497
114653.789963	-30018.6038551
-29283.1495807	-122243.100828
173208.210059	-41385.6321194
281241.297456	-51286.8382357
81185.1324267	82512.6144591
119401.6416	124192.470317
19953.659838	-282867.453104
40546.3012525	146628.125954
-87697.1841704	-124893.442714
-69042.0490317	68705.4501766
69526.3742679	-104557.3534
-169152.626477	75406.1921379
-166868.905164	211510.201563
241750.013334	-44384.1046685
-135236.521854	87207.073414
-75558.6600655	-71333.3502332
-153277.474394	-60442.0371946
-91625.1175308	-39901.0681464
-183794.480855	-8855.3298447
13002.4295021	231.057947046
-54714.9019931	62174.1198374
54832.4472881	60303.7614546
82337.9970365	-96235.9960464
-86582.5853542	125510.006277
44894.3779402	14424.0358267
138388.093572	-21921.7796014
40870.3495162	119270.214759
-23611.8822366	-88156.2802012
-29845.790418	-13785.8539807
140084.223276	98763.1779667
-107822.343986	-31343.2281452
10886.3832696	-237480.852972
84620.9432087	-99454.9722456
170009.321488	-81905.6890279
240054.915634	56423.0855773
15104.5204037	-92120.6309622
-29482.901799	-67006.1130794
-129161.683365	78497.8602894
-110037.095188	-162283.049264
-57664.8024328	-67858.4210622
-76139.4640696	80101.9280922
82470.4096546	-79573.9979439
-81360.6870124	2861.76752465
58440.6868053	-110259.575389
112943.35859	9461.32786787
-157398.619667	18309.9107524
146182.764593	-38187.1469376
67834.252015	-70333.8190954
-82157.9023094	27849.6278095
-54618.3190099	28982.4951758
-12258.1579654	94819.4787436
-99147.5977108	-7297.21152185
78659.1008522	106449.816216
55568.5118503	49818.847123
114780.375449	3173.2076087
83200.5677011	-56007.4498929
75864.2592457	-11929.8740889
15175.3163493	180225.415541
131313.427729	-1665.5105692
79058.4796729	-59018.3975411
-138558.452498	129101.146306
-129369.830204	145511.752208
124241.421805	6.36373422119
94605.6284485	-6365.82057808
-27919.2141733	-43957.8902873
166371.966755	129505.717883
-227030.211966	119443.279266
-127767.994356	38743.498136
-88156.2857128	-151535.970457
-15177.5384695	-112419.145639
228326.771271	-14688.3279594
57306.3988541	9810.59002763
105794.434212	-206169.287054
79234.9777039	5284.19285303
21234.0776623	-133498.258273
-13904.7274588	234934.979966
-10731.9051488	-243553.374387
-44411.3067014	33461.0175422
65333.0004582	9451.60121395
7761.34388669	98679.8090855
28164.1484787	99588.7711337
103952.873061	-89210.3319647
-301873.248698	-165861.617291
-52047.5321848	32110.3362143
266428.08834	-94862.1019119
-42011.2819927	-125404.517579
163509.212373	-101133.951933
40776.7073135	43529.5723555
-33219.6372639	156956.049612
-75820.8467504	131712.540109
104795.280147	12546.4421777
33313.1308639	-143871.649866
38724.0071039	-176103.367807
130946.583888	18780.3569182
54043.0220221	-108158.609131
-74297.7043562	-21200.9264112
126528.501554	-27531.711891
-43497.8922442	45227.4331183
-70018.3944813	-156391.446289
23199.6527974	-136259.619735
143540.937317	-70452.3447053
75858.0824222	72588.5965858
544.680441819	-49337.6980629
56239.170997	215511.236162
69121.8845041	-110782.434353
-17110.2964956	-132990.587872
47365.6673259	-296278.699207
-108580.887487	44151.447946
-55429.9903456	59180.0160361
123117.808072	23136.7448271
-60306.4392239	56526.1777465
-60350.9785512	154833.83882
-47362.2988665	47901.3156221
12135.1679178	-25110.2703279
14129.3908203	-679.035415415
17785.3834677	-123577.939358
-52395.4529936	198271.693136
-9548.19309996	-52371.4357209
-154445.545039	96490.1103317
54034.6868732	-10689.4568461
-92058.4396137	-93201.9867434
88565.8445524	60297.7808485
81722.5542733	-41872.2945038
126052.433932	37780.6938411
-102449.197839	-150737.835043
134045.28414	2669.75380445
-73006.2003861	-58912.2461139
171211.214488	-42373.7077882
40638.1784383	29502.6647792
73575.322831	-156838.446211
91970.463109	2343.45634269
100510.675422	81621.270065
-25114.7786068	256763.519103
39499.1251217	87624.1167275
27526.4547754	-39297.4324005
-87946.8952779	64005.6614461
-23688.7235416	201352.139049
-139214.980919	168350.70307
7381.82705556	-31208.4066608
82411.5863011	61589.9165454
163219.914086	56733.9495856
32216.8458028	-49550.8181039
-20620.2702349	-5586.10450605
-84685.6608141	126998.732443
60122.3363301	-169161.745666
-100393.436092	51068.9502277
35764.6209605	-184137.995862
12677.5627779	107842.321011
124286.066217	93417.0138276
-7330.53676266	-64653.107582
135679.55677	36684.1343698
9948.49892973	198326.667176
35022.0895244	-23543.2542405
-83499.8471434	50230.6797277
584.468407367	-100793.735514
40389.5185323	184063.250674
40552.0568185	77340.9375541
1697.02861262	39500.7194098
13335.0440524	131414.738959
139433.136567	-103539.475457
-53788.9630359	34950.2057634
120438.54545	144320.790113
-73537.678601	-181986.510004
-33626.4947525	28316.0444133
263052.52712	131120.98168
-47177.113358	51294.6878308
133029.016918	-22600.7566512
85911.319108	-19786.3934928
28474.3775234	52494.6523462
71778.8520247	159562.381655
-11090.6474162	23887.5067908
-98162.6006096	42786.3551623
-42174.552596	-23742.3617875
-34784.6157321	-95798.1341292
10057.672614	59846.2846711
-23987.4306142	-168546.257395
-105169.956761	57638.0778838
23899.7516091	-212277.690689
123761.68835	-252209.772079
5270.83081236	48698.7266752
-66806.219478	-52883.6461258
41493.113278	41183.1206255
-7788.43772138	-58531.0967467
-68703.7009812	10259.5560864
-52602.715046	374.182298506
147669.367405	-126917.138348
-42735.2190175	-128984.683194
-93155.3047182	-138557.380027
-77104.3310736	-48106.0461427
-227848.478941	-74400.2923196
-29165.6251472	-170213.075153
20542.4616662	-88149.0007791
-56578.283105	-36840.2509485
79109.7507594	105159.828309
-90176.2729973	-73379.3479337
-14911.9884065	106769.947034
-102662.878924	-47143.442729
-13336.9623655	19542.4784571
77988.3225515	9575.04426002
208281.254692	150031.763459
189217.535363	188466.832175
175507.236697	191156.622897
188131.160932	196656.687459
166832.560388	220494.081593
173512.064803	176871.124411
194282.386116	209629.925729
181806.437573	202503.327739
158732.298687	198258.551951
213541.161503	158046.405459
166588.436106	192130.00903
164811.039044	178123.062674
180770.992729	181847.409216
173822.08772	169667.101202
172596.116134	205204.659143
188726.854689	206907.702696
182842.145245	173053.852122
162295.250836	191947.07917
186993.116383	186927.484468
168225.605169	172151.272656
176004.020175	179757.13751
154876.42685	204781.074658
189471.934953	174784.83079
212290.926964	199549.095526
176154.313591	208484.854232
176212.690532	186360.310482
199822.597	182481.532583
174678.240835	178210.342459
189713.371204	179108.324717
196963.522551	199306.784934
195286.251596	199201.684647
185146.146081	176801.349915
200916.196309	181270.128006
202115.197502	188330.647411
207384.458951	169871.90476
193308.68664	187518.800733
184917.568773	163155.752219
180507.748004	202185.450194
190096.573198	196665.996625
185620.347523	182455.291725
178081.885226	193891.04541
189359.050126	154160.296443
203290.131481	206063.853285
200826.655632	180240.585558
162459.210924	210003.540321
182519.598206	177140.476916
184033.166409	191423.944764
167622.887775	193045.175252
198380.91637	150707.577554
176566.738039	177700.471923
206206.472992	193517.562428
185547.527165	185599.816147
192421.825893	188743.002478
192110.960344	186126.417749
184010.820701	204730.682485
181688.676483	165584.317954
187860.780896	169779.204499
191848.380888	198472.15074
188979.381482	190001.229305
187381.779254	185201.849125
191027.554584	185349.677298
185296.964161	178815.568338
178786.060384	165793.112187
185826.617839	177940.906583
178018.863108	191843.344925
190982.58698	168241.308626
193925.885136	187783.531376
193456.716904	198981.566922
215134.176154	199240.007767
194819.130759	188343.545886
198931.386989	179717.45659
192840.105202	160386.172797
185339.777112	191435.436905
182991.979197	186744.488379
175786.916299	173567.753336
205157.267586	168046.877344
206786.657517	187235.168521
188555.827829	189684.942518
207916.286196	167635.256999
164681.933801	205632.43953
187147.785421	179832.088154
170755.826338	188601.191955
163198.990015	190195.906278
173508.58896	173018.444507
181217.643492	197452.491574
207160.207437	204780.31924
203292.309605	189503.266035
170828.638886	192565.449715
176117.266084	182485.489268
196296.94779	192853.807606
176850.020262	190869.65262
191738.559901	178708.465876
192670.251376	177764.920959
184154.724952	212084.508337
212808.185738	190536.986592
223830.33333	199637.574692
184031.186788	186938.908677
199774.070009	183708.805474
189531.981132	176723.218408
167392.088121	184506.442147
196797.79274	169808.791016
192186.610722	195528.813733
169816.632834	164720.525506
175710.956509	213361.266223
176126.805949	187945.869699
228289.148055	204123.230452
164958.597624	182275.512959
176452.020659	198562.026478
193097.435778	191498.466882
179333.089862	136723.067446
177609.377555	194928.465541
177463.019869	168276.995286
171920.049158	181091.789711
165442.361457	167678.437482
185472.533898	175448.841922
201535.332885	179574.20261
194064.38351	196864.584988
187884.771533	183614.656288
161732.037401	164489.649429
152559.953797	183149.910594
161697.010806	173552.694413
166711.108641	174372.359833
190486.493852	191571.163198
189321.976829	173277.906563
187760.142261	179376.283045
177512.74005	181429.55836
190589.220274	194465.389476
173900.669619	203946.019467
176957.057645	197975.125227
205751.361115	208224.729615
200091.122188	177809.757553
162331.300428	176130.458186
184373.038984	191581.964506
166543.564132	190674.434356
173754.529075	167378.082556
173690.101929	197994.127433
206119.980642	153779.628035
208440.566732	157307.164578
174442.357315	184812.175411
191870.827433	197379.233089
184963.132875	179700.400233
193197.127554	189115.876089
181816.522455	168776.197028
192709.155385	168371.432859
171176.403685	146550.153109
175689.225157	185008.66206
194153.113972	171100.395365
169742.00727	195374.366814
191496.438612	168807.078449
169243.699326	192918.719004
172549.482724	170472.069232
190702.795911	165055.604782
186898.309562	179575.965222
198498.237732	176325.512438
208929.741868	205476.248311
182985.213768	191274.180141
198418.140747	189685.127213
185027.288782	187722.783255
162785.491441	167641.579897
188729.690914	162496.188748
201386.420938	191252.900823
167678.038143	180381.852044
178243.086315	183913.284127
194924.909372	208083.497796
165684.000795	165204.591559
180616.238076	193543.159707
187518.061011	189384.630432
188339.740001	189113.852211
199871.743032	224697.011718
190506.585781	183863.409058
197278.735239	180412.711736
168072.871576	185913.775025
182847.58324	189366.235405
184011.884245	180144.245781
175285.989292	181579.299334
203294.872918	174054.180071
208972.279548	172193.354438
191805.884358	207419.750042
171318.908925	189180.052594
190630.008829	167515.614596
188246.985394	180248.926751
172513.661175	203212.383694
171892.421046	186369.494845
192438.694269	167309.912236
191505.731789	179938.249342
192563.030571	173400.33784
190195.6531	195098.938761
193432.352591	196989.239989
184194.765608	216510.3696
168461.127133	169191.893458
203578.135557	194459.318786
207766.725677	186516.754389
179769.331649	200309.154927
178796.314512	189204.978067
167578.343812	206388.51339
176528.345984	199530.090644
173043.40178	183488.090779
215915.316909	184893.922419
199438.050802	180131.245323
202682.854297	208210.274286
187642.401693	162150.404009
208085.358157	182017.918141
188522.209079	179073.227172
199576.4546	187785.821436
173839.967208	177887.34043
177689.788044	210834.170946
188568.562127	174698.864968
181291.954393	191829.630266
191765.374533	197789.405363
208621.3536	175681.370558
192688.55795	192928.482229
179076.385702	177356.76596
204710.432551	188482.633409
187729.926296	186656.193135
163076.074528	196831.567451
181771.695782	187697.533894
182074.55573	183924.536354
145556.846355	196336.7373
204103.830152	183507.131018
191177.832154	208656.951983
190108.557615	200499.147181
162591.303324	199462.311341
180696.591219	171712.524254
187456.754606	168986.223366
173455.761568	172768.524955
179340.083752	163374.254857
192152.623988	202152.311848
184003.72749	193224.127991
144643.853304	180647.746567
197291.386734	186966.428653
187490.254418	184145.355349
152631.920707	179833.233314
180401.774812	201959.604482
187382.147829	191671.225635
191441.669885	200469.360301
177922.043477	189907.276561
194351.046222	187406.106992
183084.089839	197466.768338
169709.959272	177920.955121
169678.736783	209657.219365
191136.179206	184810.737736
175625.344601	183544.650198
186473.990919	189861.326078
180967.741732	168833.756413
171220.90981	193493.644457
179538.036245	154817.729913
201246.800568	179097.905385
192763.333183	186429.849144
163363.691623	193136.960049
196907.747877	201202.534623
190679.115521	175473.187989
201722.497478	170464.920787
168375.611881	180904.39578
206668.940538	164645.796507
201655.008434	178639.40468
180580.212874	163921.761369
180013.831427	157790.627287
197250.000811	174794.607294
212799.228368	168239.321338
188088.278092	199286.734643
185021.452328	179254.138953
199673.338846	187676.024481
187048.7006	190749.687446
212629.475236	179218.791315
198256.319601	178258.500004
170305.482015	200477.703565
171451.18477	202303.574444
182463.51775	156475.958383
189570.58312	172683.763603
161967.093129	180009.701012
187512.716074	184773.012163
206021.754012	169328.015671
190373.740198	172285.317204
189765.402356	189168.94674
205914.343784	169902.814669
174952.801481	175578.721566
151593.546658	196932.32835
207965.780008	198657.345119
198932.471578	191044.322906
187812.886814	186031.622837
177949.93024	192145.388152
182908.10057	191347.529277
182052.511495	196895.471879
176676.526876	173578.771156
170244.440833	179159.777541
172813.533371	190700.159561
178115.752049	195680.402272
167612.335616	205062.450186
168641.793886	177698.351362
183877.974343	182496.883076
192344.774392	189949.39385
187970.990379	159562.191707
194405.882009	168181.932597
204530.1092	199674.546565
179922.375032	205233.167351
183199.598834	179330.573808
175520.969191	197071.888329
198526.362313	175870.3981
182477.223232	190224.06792
170302.26082	183809.755473
194728.958805	171924.924516
166867.1231	209980.071608
176338.952666	191654.763153
189826.102509	176832.24729
144670.970379	189587.201064
179287.212692	183443.881666
183252.838016	167858.472559
180683.245567	197851.491691
186020.373114	174801.132348
181207.090012	179884.727503
189972.75905	176706.484448
174558.908629	188318.79091
179465.482131	179950.223392
152138.616286	189654.697631
174695.81676	192643.701271
158332.094123	184905.413005
153747.504018	195802.394853
183158.693162	161741.842103
191858.853743	181131.483365
190700.90731	171417.343541
211506.936652	185818.557962
169560.225388	183633.469421
209072.986526	179404.541435
178149.667855	155161.25339
145897.77347	174723.992665
207248.027994	187787.767239
187675.972587	157051.206857
177223.486131	179500.069045
182041.513843	182995.162949
183195.191563	161052.060857
186043.625416	186731.943989
176684.732133	200748.830641
196840.537229	174410.344397
176114.970405	198694.208361
195708.247896	174851.526619
178184.275463	203024.082648
190585.317746	177576.000224
163161.789595	157567.069619
186001.853524	160598.619304
190002.193543	190163.191469
179289.342296	194889.288318
147901.684387	186584.859227
185822.450293	180151.685592
160884.572062	183957.341536
194241.371687	191954.130567
188752.818592	156278.635559
171428.116572	191443.343267
195412.156722	194301.990362
193181.492846	170567.705135
181298.052499	220633.840424
172661.338472	176119.5867
185042.555196	173127.857629
186061.422895	191644.176733
145685.881379	173729.994113
179090.815792	196041.982157
156419.933257	209776.431227
195181.040642	180887.806142
162466.668385	201893.101836
179633.51853	190963.496778
169016.644047	183757.434148
182705.500329	202424.850402
182291.506836	204105.637785
200244.195879	175145.221454
185666.810603	177732.070272
200635.948409	199316.820736
211032.081856	163342.748792
179753.016877	185205.265581
203584.442537	200650.314268
193474.027903	194972.612389
177883.506596	179724.432214
197814.993966	176709.815075
189631.846161	209615.674727
196885.368845	180151.996467
186702.814507	184266.295369
179921.688528	181829.507123
183618.002416	191890.593628
199218.247118	208207.497425
186394.409927	189782.477662
175241.597263	193631.881775
167992.041845	171186.755185
180749.81688	163056.683991
181934.735203	196664.457157
194095.821044	189380.415065
185855.07349	191206.156578
194464.420581	174764.525463
189777.859528	193446.034953
176325.863377	176914.379352
181417.003586	185155.396889
177056.023728	199025.943102
196462.674498	183933.409928
180075.482081	172209.838689
173876.572088	159009.943612
180758.56326	173343.789503
178117.431404	189804.338677
177322.117481	203405.183455
170042.782511	187203.404377
209346.272617	191755.945468
180874.468294	191425.643051
177490.775809	198905.5757
146300.770651	177356.059375
198521.751438	188845.742036
159590.894311	172322.540159
212285.472966	193010.128016
174217.902871	209456.126998
198181.791006	196180.585935
182599.690764	190567.187176
212500.803899	200063.060476
191584.638077	190748.682958
178066.130737	186886.639931
195800.065754	183509.316803
168783.026292	169542.822509
187157.138923	212293.078166
186873.161877	188662.732958
175053.165407	197775.154902
190310.522363	212015.090296
185351.742024	179396.431994
175021.042435	181153.465636
166880.219135	192569.171524
161220.969381	181752.583733
171467.004563	186530.231971
187980.539997	178505.558335
200047.905301	174486.724163
227885.555479	207941.81316
169275.041456	186084.087183
191128.944773	164941.773065
167645.201627	194953.040095
184990.739077	195541.021024
177282.452851	191629.233211
166055.881214	184929.152365
197876.168428	187363.698928
181509.06205	187187.576018
194066.451224	159317.91449
172663.892814	185570.832425
178198.62844	168633.014677
171809.783797	199432.648546
171442.513463	150977.596851
195292.677776	149470.816507
194686.770895	174186.82304
157756.427123	194172.336754
161090.160069	186582.266346
199085.816805	179254.237314
206521.748995	190682.697873
188115.880068	199034.80607
172591.850738	170092.275773
172933.931526	184184.791334
180520.526943	185781.523196
185337.650004	180455.1835
164931.050129	168716.423398
192603.916796	166702.296776
173079.604468	197527.809118
189562.544095	170983.737125
195163.29044	173884.172772
192791.479168	198533.23365
177515.05686	196817.043452
185388.609214	191297.013799
166071.472727	171451.66765
165964.942973	184559.453346
176168.368826	184446.430658
181176.596408	217302.077029
189584.132205	189160.190993
198045.086065	200506.808734
194854.891915	180029.169388
193131.713809	197829.741849
186649.153924	176518.286373
178525.866473	187768.318751
199347.391708	160780.742875
189524.697125	183571.089347
163339.268539	165168.931715
138839.613037	189881.719251
153765.089181	192102.672372
186237.90439	185860.538067
171052.037987	178977.86804
177377.413448	214097.296951
166908.498002	182621.34945
207611.672301	182442.425711
174740.884171	192538.103187
195351.3762	155688.530645
178285.989921	187949.849974
198553.646827	188305.090945
185651.748498	187324.800782
183828.176798	182944.144324
192900.55143	188469.597915
173089.050947	199803.668593
191066.251185	184747.687118
191629.951498	154395.5997
206573.174795	151979.009829
183263.703346	203315.547699
180061.594701	168228.414209
213226.799887	172868.493101
201596.767171	210853.543359
188449.956522	159951.268884
181686.142535	192976.125663
195731.263552	183399.527318
179231.900962	199441.086894
193399.382227	165495.835048
201626.981671	205969.670958
178707.968815	160463.987301
166097.402595	183707.22245
190238.140695	188861.956033
183432.462857	202689.571288
177344.008541	195251.580844
172341.850399	198207.572347
178151.657227	195653.528486
188233.672316	169705.385607
178821.388059	200910.566166
189332.018128	191864.575429
196791.7042	175595.292532
199890.685392	173657.823751
200687.937747	200074.906659
209466.850359	166246.95474
195262.220839	182855.49568
176704.288356	187528.957997
191585.053089	165706.660912
193676.455974	170299.223989
166344.368077	196020.804215
161872.168617	163215.449967
172997.14499	194250.024419
180306.567259	189326.778594
193385.032923	191446.173233
177802.36433	178186.191564
186531.234744	181219.581353
169268.661818	192390.014273
189986.390978	192536.702802
182083.964666	171388.993463
176783.248924	164484.370658
193140.006315	166829.567657
200918.297265	161789.525464
186397.950148	197153.36686
195516.284131	174928.627944
205215.294576	185235.931948
167239.518019	182565.88748
158096.911859	185866.586297
175427.987952	176917.747883
167172.964043	192951.460574
164476.910057	160424.076556
172459.218523	195388.120345
156922.687004	190690.506403
178299.81716	191796.181743
202425.525787	190198.94788
220464.676254	215025.262649
194462.97444	188427.645036
168299.912881	186246.331275
178571.194299	180941.828525
173032.983842	183046.316962
168705.960205	185057.012993
184975.151682	172698.68351
189921.043745	198667.803574
203075.594886	172123.892506
181268.985446	185833.882144
159708.859748	210972.268901
190625.202103	189179.235711
193380.397162	179139.753854
184133.115841	192247.922395
201985.848809	205913.281343
180622.423999	188210.998493
190178.952324	171250.634723
187514.050975	167188.954022
190246.972574	175754.909439
182934.991209	175945.777716
176729.423289	201763.411964
178703.77519	180564.914913
183032.954523	173608.887728
158157.854797	165715.952341
180987.183177	186522.735022
152631.050506	183551.256816
161109.405689	195880.563915
182746.358264	191263.351245
185342.107059	207461.036605
175528.414393	188918.287272
215655.456252	165244.067064
179011.543527	174630.41137
185017.606939	175596.796528
187600.859826	190948.390707
178022.477031	189022.933879
192703.00697	201491.023469
182530.327983	196815.702052
185950.188674	202524.505517
199553.829432	196243.545395
180100.652205	171630.276623
178544.498862	152796.516112
165589.163491	191257.624078
178112.226598	159770.271513
180690.850632	187240.62209
229215.840305	184734.382347
172307.386481	195013.194511
205540.160181	164477.780233
174080.237382	164725.625384
200570.22163	210972.344241
184612.800895	203676.478393
184978.792026	192453.480871
174807.059964	187299.790845
186085.380294	161870.818997
193877.117748	169775.619228
188833.614279	162506.342743
152930.732036	176926.883487
170410.134654	195212.605257
180473.185276	201209.406864
204267.096935	172110.803256
181677.635301	181371.352724
190441.096103	174349.79328
170671.182597	183333.648397
165533.726209	169169.35496
175524.089494	154300.566995
212468.624761	181642.016059
176218.278615	182062.297995
199969.372719	168362.29393
163415.393201	183946.001332
171308.543176	190699.622131
169026.982529	173513.135535
181297.745393	202665.597962
193268.613303	155341.439695
176750.554852	191400.43594
176303.336263	173104.652379
206011.000867	186818.488628
157155.286331	177328.270143
194321.827399	188609.763539
187664.86783	137225.937233
170972.748355	182976.804889
201280.343248	176852.802417
174404.197264	209086.196301
194239.045874	168460.435804
172712.748623	209152.154402
197640.326608	161088.137222
185417.672711	168842.300361
202244.238073	168293.214172
170901.234565	201928.722032
194713.017484	175009.14955
166091.380556	165638.061884
187874.69975	182340.435367
213628.304297	185760.842289
194292.125247	182920.244008
191672.037184	167056.45405
182488.040614	178100.859062
181331.97534	168045.836458
174150.565148	155780.79368
198913.504945	177296.3509
191613.445804	167980.792012
192899.287097	155981.209141
172535.48889	184215.284809
177883.658439	188450.737102
172349.1599	169636.68269
209585.304742	170013.369451
164421.905164	168987.260884
176679.145764	216336.701266
153564.53752	182652.300757
195325.226344	184959.774373
183539.198064	175994.165477
171060.806208	183205.55467
170758.022305	197458.252472
177673.256419	179096.928165
201659.689074	165554.674804
173394.680891	183701.32228
170270.341456	221310.618695
182515.313018	201860.304588
159709.238299	174662.244578
199716.723591	199931.153067
184842.412046	187377.689769
165941.396242	156689.306443
201839.509648	191437.205592
185180.937683	187891.671503
191086.456926	203803.484556
197865.285851	193358.109561
191914.214359	189519.043631
171680.699775	145745.284728
183455.448833	172494.631226
206459.409926	154950.52832
184127.385668	202922.790643
207613.253855	159327.818211
179397.503483	183123.166993
173172.603887	195978.090654
172017.54529	192154.145489
168514.396102	180078.196103
201147.161172	194735.812325
188608.34611	184364.180348
207696.19169	181737.205424
190013.439965	193733.870909
193475.070304	175268.790457
192222.044994	186732.881353
170033.84616	184969.957689
172933.072128	169723.776554
174325.283559	214806.382727
207796.224146	198190.267529
176754.598875	181610.604803
196270.030575	185607.727516
181110.163048	158985.990198
182685.996982	186959.182279
201760.376053	181500.652154
191303.000587	172572.82448
205975.813693	197491.251459
164219.875854	188777.761349
178207.359155	185610.548735
190188.744001	168555.068793
175163.49077	184558.391763
188482.272187	197957.412484
209622.287551	197235.065984
166011.685308	184944.790033
199493.809235	188807.819771
200445.112064	179364.730681
181135.81132	190898.132779
202828.759208	176528.494282
209909.881171	172405.808979
196545.216052	169657.8163
175638.205516	201667.120795
179441.88732	199287.654302
170384.967313	177735.018799
167534.427204	175632.654562
170845.684666	181782.831029
215549.406298	203314.958869
181584.40086	186348.41473
193984.732855	181345.650774
196085.949465	182051.840505
168434.577145	188547.906762
183217.013368	168135.082295
182801.585471	162692.437719
194892.479779	168999.055347
215148.657737	162006.012802
189689.778026	201036.964544
195009.519645	178809.543079
170973.786511	213182.288616
186468.952053	180885.017792
171039.551504	179562.422183
214339.632713	195650.76753
157940.319175	205879.849579
192613.023633	189476.718623
168251.848022	191518.942357
181053.255686	183497.805362
158870.634766	206192.999015
197771.460403	166246.316391
176756.127618	194755.761381
213047.156363	166628.576171
194435.710836	191862.612006
187074.959681	181371.036896
172697.519887	181770.258024
189618.262881	175191.605189
183520.536476	204973.595855
182370.417387	165268.089636
170052.610617	180461.83208
207525.816392	216597.552136
169660.962405	205573.181969
174345.595199	184981.197697
197101.542055	177865.073226
194284.518433	183766.157621
210003.25907	164349.035893
180758.805645	177806.530319
176354.70522	182983.067997
165356.799709	192654.740176
180985.020919	190823.034023
193067.447924	179902.633737
174493.876577	195773.665888
198621.790834	183958.277822
187576.282787	174049.896122
169809.40536	176767.226615
195538.473626	179769.912408
187517.488978	179110.279228
178355.452253	200374.624233
180357.720148	180718.525211
195339.514175	167182.438188
181562.295584	204203.617588
183842.284857	182233.449695
175130.576094	167210.494019
206385.83641	189860.264926
186548.294539	166676.465326
180983.394697	184169.457224
184119.548126	180925.126613
185739.933018	165284.103571
216673.08484	184881.51623
185271.428074	196144.836331
198922.192926	197729.922508
214237.152056	177514.817614
184025.923071	189279.768827
201000.618281	194748.310814
177795.298349	186876.030855
162178.432005	179262.06924
182973.408225	192842.803717
180505.990445	213129.641051
175993.495653	170801.518369
197370.502653	195318.965039
166615.782999	187878.106396
196107.725143	189425.89481
162943.948267	202583.832374
177335.325935	191727.347243
160770.475372	185329.967332
162188.233325	213905.515008
174179.66421	184305.353804
182159.741737	191688.24323
191592.23784	193764.072061
178468.701226	182046.609777
192086.077776	188312.701889
191117.596353	158118.659041
190698.435527	157192.316468
179754.090963	188332.821831
173752.202013	180414.357259
175358.962008	182839.118999
194031.622475	172847.792677
156010.289489	196065.636117
157166.038063	158662.322175
183399.450088	156795.361721
178875.683082	159054.704591
184342.645197	189101.504398
182904.095385	180827.050011
187593.606483	165810.217206
196328.569215	179591.859665
160134.35105	185331.535743
207264.182335	190779.163654
186682.713865	204881.311493
170189.045892	180604.656245
181392.180431	181514.58193
185897.945525	163036.43268
201242.139513	181972.973203
173768.056158	190073.447188
141726.968595	193997.772616
199807.848476	197264.477196
210406.558548	181383.193498
197703.439667	167435.783555
170300.331126	203933.567245
179708.697523	171181.396287
182260.58879	177821.050149
171218.1775	192391.746293
195517.553287	187527.356447
201286.170755	187540.927538
178243.638758	181258.536473
180906.197085	200023.264693
159074.391341	186600.911643
181359.576136	185850.962298
181173.751343	200107.779125
168619.35926	166427.629442
187142.655182	202341.643907
200872.583823	188276.228439
188010.254572	164373.496347
185324.800876	186707.834581
203722.188012	176657.339287
171060.619685	175502.379689
161394.968398	171027.424653
202213.203796	168883.247618
178155.350023	176130.039553
167033.733749	180456.926256
161509.145037	179809.839916
166262.118798	181732.65081
182027.032567	178877.624889
194505.184942	167640.123192
199917.660261	198665.900804
188190.326061	193408.801023
169787.951207	184901.172408
184017.829552	169745.52602
188501.813729	177450.110389
193770.083266	160043.958035
197673.338862	192518.407612
196161.981777	168188.929823
169942.291686	170652.556006
177504.072295	168863.554485
182907.063984	194731.017371
168723.168941	188937.542817
189677.775864	199232.641722
194025.869043	177258.111772
170764.430088	190850.561092
151655.24733	186516.797112
150455.125725	197878.417128
167759.920054	206175.614548
191420.775086	179905.154328
191985.053187	196439.650482
193086.82328	196635.139173
171087.050742	170597.499203
167666.925196	209125.045967
178098.533296	208189.991764
148871.981642	185619.185125
173304.755471	179601.597158
189684.94507	196793.054762
211759.247835	165430.651449
182963.944296	184621.433216
186009.538806	199619.545938
189740.516779	197802.060488
200459.743271	199973.505963
188831.220975	200677.436584
178316.777207	173474.59899
214449.861834	197614.979988
175235.819134	207369.770353
173544.53869	197013.96399
166473.154981	199142.766051
178668.181492	181127.517543
191180.65838	182463.536259
189103.452861	176687.902955
195685.927363	170143.542039
179739.09668	199977.738242
213335.307889	164849.902239
182462.608497	177045.95778
176277.054506	186475.644604
164323.191	177894.387617
200091.421795	186156.234467
176892.853939	192113.000807
187519.926619	183922.113473
165883.966068	161777.912807
207819.734125	178391.801991
176012.457813	200477.967495
190773.633445	184722.037912
198994.234168	201749.219161
179055.09783	181481.257639
198166.368799	187958.525364
183047.563388	201123.970485
188955.306004	186218.322918
182010.79311	204399.93084
172949.167038	196112.499952
190141.603987	205811.580286
216958.565538	196409.687288
166380.97671	180925.766247
173001.7157	186821.141944
167979.867159	173713.954456
204238.10888	178942.079163
189360.435638	191587.95836
163663.392028	195425.448866
178094.478638	179015.91535
168872.163736	197892.00193
169459.629572	186248.297007
161050.012869	171111.369092
146779.507023	198469.821671
183647.660491	194044.646667
158387.952226	159042.42853
174386.438976	206210.232767
194608.049966	167118.16881
188265.319349	156777.770984
175920.716937	175688.08554
174242.680798	188120.949153
187680.518341	171836.420727
190035.873279	193831.486251
183856.088384	200190.555321
203451.891622	203036.914181
209958.268855	175407.794691
178372.696805	177684.776541
229126.159244	168540.353258
162409.06384	200093.502345
186432.314374	176284.925693
184367.858065	166376.064773
196283.661501	181589.531674
175517.122885	184407.593262
202724.549562	189209.441352
171187.519205	165197.105691
184611.798972	167883.241883
167419.610639	190956.178274
155552.153807	183691.120558
198030.735302	163847.914537
194804.06129	183436.005061
167420.627914	174847.017282
176566.82466	169098.373585
169994.08255	170836.502002
179862.704018	168953.645191
156293.382129	184934.291454
170713.389445	138171.485057
207783.462416	174472.812125
169086.127971	178780.361473
203703.967106	170113.691368
181098.637444	168259.846516
192498.447364	198150.200075
178001.649642	190747.591169
204629.105615	167906.524956
195530.873926	176522.385193
213377.346684	162298.480254
161221.525698	189365.338814
185188.804893	212043.031282
160409.447742	157874.605253
182046.665839	174916.619545
183517.194833	179616.595638
207281.221805	186862.502258
183928.457715	194764.949112
195055.308067	176128.251581
177107.364971	195093.86934
193484.610534	177051.947688
188997.51327	181307.923338
190004.557672	171089.361292
210484.628289	213620.129329
200653.887781	146314.270879
213468.236836	211205.148591
190186.785037	177094.521907
199362.719418	170777.638628
221970.608564	189849.781289
185257.018115	195872.585795
183429.03833	176250.503396
204349.855402	173155.121857
204042.000423	203796.486844
183661.093355	206093.265252
181928.127242	195303.923087
171407.684703	223644.981949
186800.599722	187852.205371
183120.95675	190678.339037
163144.425014	188201.526575
181833.226654	196075.749722
193855.230367	186176.015827
191107.218397	189312.366276
197444.675432	176220.357613
169138.522921	183522.780976
174399.880498	207054.695249
195174.037935	205537.376852
165348.516427	167115.986017
179605.267073	207803.921675
204321.038414	190758.498739
188456.284026	188379.441189
157509.053887	212469.911941
191824.397878	194854.518169
185233.644891	172829.165527
191755.801974	185720.726327
194903.706647	180176.10163
197078.68653	195687.847083
422396.898925	433198.527152
417879.716669	428603.007474
401387.901572	432513.78448
459555.511076	419009.213631
420499.796175	431031.49391
427706.771632	431939.970931
432407.657094	433108.127881
428311.50408	443242.768272
423787.118178	424846.524312
451105.904136	422604.850109
430891.07221	434051.360867
427998.400423	440010.414334
429226.458085	429852.286674
445270.633859	417355.886205
432093.713699	425240.223827
442226.136548	421966.1578
437283.570299	442795.824735
424804.394823	432389.795797
434073.752128	419396.807022
452514.461554	419026.617312
448837.212154	413194.382324
437907.483062	432928.796166
442921.161762	430020.526878
425784.237882	417921.159548
429474.691552	411590.283055
434329.750293	436309.425205
438123.184604	440240.969982
421151.135762	430592.729171
425599.705071	442699.385489
439808.311357	431853.939642
428054.553432	436725.404147
423191.535656	404326.393234
419304.472922	438904.665218
421306.533428	427086.706012
411266.866981	434249.198371
427353.740763	452653.699214
442464.861402	421715.124561
446358.464788	429634.016161
442036.098955	413998.189521
418504.047606	437138.451615
430705.452813	444151.258107
434279.801521	429959.246769
442594.129478	442563.409651
446497.462568	433464.335161
415997.401038	445064.355537
436139.946918	415264.641254
448009.148548	441159.881844
438377.246344	448167.346134
417989.009422	444197.141857
413699.691595	419526.978751
443761.13811	429112.492213
445084.498308	430787.827776
441913.017943	418585.797494
420351.442638	422438.603326
431497.492828	439368.608302
441107.252027	437008.092613
439571.527968	425000.215602
428935.589007	440509.421269
442367.837217	403869.182452
430321.709618	420121.965627
437123.760754	437954.653121
435795.437705	419646.569647
467876.808807	416450.878405
460215.455646	438424.647191
444165.749902	431422.921099
445504.195877	474083.803956
427806.866581	419463.827876
442207.832435	426217.730183
451836.369214	432844.416498
417133.130432	441448.973451
427158.956274	431718.925303
433470.476058	431289.069366
474539.04029	417227.027675
437942.325353	447312.888207
401649.169933	446294.327537
444229.32664	436430.536736
425335.054205	426474.791646
423459.478297	431722.357057
434411.129546	433877.177413
425730.763905	410027.259854
441923.778735	459286.642862
433507.614599	455959.062952
420874.303388	435935.977346
421397.888109	422308.245879
443806.188904	431580.44143
437461.479023	433322.309682
435335.80245	433597.685414
448908.992624	431951.02511
444963.524217	428313.713902
410904.877237	418673.420938
430958.363275	434791.31936
420989.587659	422967.781988
415498.116511	437307.444386
431101.448442	428266.423275
436182.613257	452229.95468
444752.114171	427311.70424
444816.59788	441430.715971
424545.48742	449221.028721
431006.483041	444996.435209
428508.24494	424984.194551
406097.117598	441078.237183
433285.271782	435142.782454
434676.00297	444610.270228
435067.869703	424790.402675
435890.362929	426480.348634
444554.951059	431581.649352
420014.634225	423518.916582
432649.81	433644.327788
439278.50289	423666.260371
447212.695321	452952.570908
418372.085429	450989.476249
441713.670231	446327.204877
418012.970898	442436.712102
443229.950103	419018.893895
440576.554386	420922.46867
417401.462142	445514.391738
430235.18352	413232.105984
443682.466403	438523.942937
417621.901882	447470.007288
436018.047522	427395.430262
442495.125695	433985.337723
425992.60988	434327.830243
435856.23638	434968.454887
443176.081562	419202.893699
440147.632508	436888.457845
437307.87372	439878.438484
415973.837006	424460.61133
433818.769928	442007.26802
449380.945064	434551.431754
417012.409091	418398.579276
454211.815023	417821.688223
456209.608224	432967.642814
430810.392551	438522.313357
441380.808258	418367.874328
415421.503288	435555.548915
438180.395278	436741.926126
439182.834803	452167.048303
448873.031999	414493.52061
426217.307428	448246.758629
434563.701397	403912.653131
428450.742042	447221.631316
430810.728635	414943.974845
430328.579156	446540.499364
422771.545257	429816.666204
415368.376982	437310.031644
426316.801546	436131.732672
452670.765933	439081.236688
436737.613288	438309.666333
443154.773288	423060.247586
435801.451719	443039.736742
437905.312057	460136.607806
405415.872193	437980.545051
420824.066297	450316.878846
429574.933227	440736.78121
428254.115375	430610.798883
418468.379414	438597.583129
439000.706122	431196.152724
417225.896249	456257.374061
422749.934706	439547.37847
431777.106106	433987.73007
441470.361052	425648.225848
431128.129221	433550.107508
437296.705463	431335.587892
431527.129199	418365.768375
439594.035605	425258.290104
409730.601934	440238.142934
420531.034432	422995.286972
442115.661572	444049.123437
434392.417527	432433.608193
437958.712418	405478.0373
423814.707687	432172.462474
441993.2272	436202.233456
443438.300918	431642.880939
413512.922877	442195.216305
430356.552143	433079.215602
443572.796134	412231.084309
445235.407733	448376.36667
434655.233261	448314.02988
432191.704102	434890.887551
444038.227089	423570.066515
442096.908169	427173.770284
435514.471278	434479.016327
437409.589845	450920.604704
459474.393331	432156.914631
431550.84145	437149.259943
438640.739414	458820.755546
450087.579303	444920.040868
442689.166493	415015.327896
428070.169493	448008.792055
429989.214558	422821.567466
455110.553559	448091.784971
433422.976441	439127.725227
412491.337147	424477.236333
453242.588417	444484.844261
415489.116605	429574.799087
445896.097733	434549.346433
426796.97585	442895.591172
421241.851129	429635.478696
430892.967887	423459.008075
425329.122652	450556.330511
441852.316974	426555.378205
441015.427061	445745.527629
431585.455007	441540.485594
474959.147539	446925.470482
447298.948341	434401.420597
463060.824332	428038.329191
426215.550682	437158.183948
426891.537744	438676.828392
432149.450108	424916.523077
439328.049439	432287.154091
455759.824051	442884.010411
427217.389648	443589.531169
433210.452219	425875.642365
430753.494993	416544.648686
434913.035543	434475.279395
423386.70861	423599.191458
432820.73996	426955.504044
422746.981308	417483.166965
426587.754013	437620.966349
406653.859899	438675.971342
445372.22938	428197.259084
425524.144086	439979.871425
441729.779448	445847.456219
422576.064945	434438.804575
406968.805566	439176.966207
434654.178965	433192.951837
428751.494464	425093.567265
418411.086228	445017.211515
435874.550391	441487.379434
443038.430457	411487.197995
436073.051212	449286.314727
427418.901581	442592.78497
426729.406101	451887.103584
431443.060297	418194.06141
448098.58109	425437.380585
438677.089618	445419.327536
415595.085548	423241.661283
444469.99989	427385.811992
428900.926463	434479.458546
437616.586014	435986.688388
428423.00611	429623.356303
426207.833641	427341.531487
445091.606757	405251.270699
412260.771642	432349.792714
459465.568854	447835.900348
439595.403123	435841.468569
435039.629096	420391.998708
430672.58206	433202.823064
440252.944523	431121.066641
430789.565129	447751.382265
420042.952544	436364.72817
426137.191818	435524.170804
435163.859001	436485.15651
435934.665987	410567.031901
419702.699137	429644.663237
431034.293586	444662.092098
441492.668953	456092.8639
446186.490824	440647.986636
424880.939889	450069.968118
410414.712827	429551.304977
436958.262843	443372.970193
434088.061777	410265.357937
436837.460747	422358.908248
438656.13082	420155.947471
426128.035779	441607.23133
442810.60086	430396.901088
411402.124084	428887.771212
437591.084735	427222.656371
411356.137682	409323.989373
437955.031151	419833.856518
434614.274774	432913.984212
418130.836461	427601.055
438032.475579	429352.296867
425194.973456	433035.999993
421731.215083	444165.158515
436654.070049	431725.219883
431581.124611	422432.624945
436742.418991	464582.885619
438229.353958	435927.087196
426369.065192	453080.764862
434391.247281	422781.747808
453258.457256	458365.975334
431511.770657	463442.467302
428128.596497	447600.767451
440068.368914	432876.177183
422528.10356	423793.063534
430658.696641	416158.15697
436655.168395	431985.123092
434748.052273	423963.028651
457981.972966	409989.069026
430490.089991	429385.018725
412098.619436	448316.620765
427068.221249	450779.267237
445030.173021	431155.655501
440233.207855	434046.843688
452236.650602	428391.545234
432200.236337	437750.124132
426708.799358	418835.668116
429251.538153	446915.092875
421421.275732	436130.346592
432740.355343	441371.456302
432151.165845	457438.304621
438488.710416	430981.232016
442707.247593	429740.495567
430944.659115	415075.777044
452522.179378	448299.510725
448568.853445	434536.741647
425573.471066	433245.382639
444479.59061	447342.155073
421534.175789	458452.432702
439745.443266	436606.106396
432011.490067	452966.316096
446176.759254	435559.360192
423898.2886	404366.49832
439161.347765	452666.103744
446654.368713	396795.496736
430246.471143	430597.273236
409963.851668	424532.905465
425994.030329	435166.210253
438542.607524	423209.755474
425910.856123	434009.305978
424389.680793	454963.46831
429258.680878	437548.830883
424035.162955	436797.315636
436223.305285	440388.569738
432516.236439	435841.764605
433353.044641	416630.909305
429419.416934	442155.866531
434735.84212	465612.460271
431352.825095	448967.123051
450253.671496	446936.517889
420985.78234	440884.837549
420295.162217	418451.662195
419299.078296	447831.858498
437730.496284	448056.215418
440291.146629	434211.284717
413208.546401	443426.766314
429835.209778	434694.970001
418828.054388	455149.878887
451625.805609	432506.996383
443344.512877	416776.063598
442530.72426	413329.70648
425959.290141	443095.943972
437205.764806	435294.698457
429509.339553	455306.345579
442679.16319	444975.745863
435222.570783	447351.981002
434921.729365	411619.067393
449491.344482	438289.092922
446831.141596	428664.81306
440961.061843	432407.298002
424543.777493	430879.197467
428675.269392	430226.445789
428674.387929	445565.642667
446895.858537	419753.283112
425265.540195	437965.506521
410824.275679	429359.561171
459117.024789	436079.288966
449392.580227	442207.6669
436171.71406	415304.459388
441644.255527	406795.062571
436014.293906	432534.011714
452989.616385	423052.073743
440663.473665	439803.307033
432588.160597	432518.565242
424298.2994	441137.508557
426545.029729	448510.986461
439827.565699	424577.887658
456476.581681	437635.146512
427769.900614	429980.032566
449737.079168	435517.115557
421701.879254	409657.457269
421586.878308	435096.000487
438354.03337	431556.815577
440530.07016	439955.774452
443849.474406	424990.206322
418019.610293	407405.85911
424421.058104	404759.174097
430661.099887	423473.549503
412004.225622	413176.683588
436586.475014	459767.545623
447429.406875	416950.516835
429239.510708	415284.338085
422934.605226	408733.128811
432789.47271	434542.338294
446514.014067	432326.597305
417336.29517	424529.238883
448903.008589	446513.468397
422784.826705	426895.883545
451481.016318	413212.388577
439258.829329	447068.843783
438667.852306	442031.141215
416698.323099	422260.498353
419383.345307	443216.811023
440414.22215	433053.827617
428072.027096	428957.068303
401690.726923	416128.234735
439108.604245	430092.749513
467581.582562	438617.810063
428702.418552	449049.377102
432269.441629	450610.56135
422121.644239	412204.217783
423300.901489	457287.641323
423281.787845	421196.303446
441933.57605	432872.87874
439023.346356	442753.224534
435795.334387	425669.805191
435826.26714	441562.875927
434187.238004	427782.092913
423115.297784	440586.699279
427752.613845	447510.824661
431316.09346	439222.763053
416848.508762	429336.965899
432910.01411	423486.245588
431711.629654	442744.581894
418675.29179	423773.383059
435928.62746	431512.068187
425663.396843	463257.996022
422176.096732	433769.537116
423808.212299	435389.735098
447511.564862	433632.875289
445685.309534	444357.22029
432951.528966	412614.229297
448315.474204	445378.026351
434653.181525	435009.807817
404018.720239	441059.553914
451631.889353	438812.281466
418599.271594	439738.520778
421588.887925	444674.570858
445343.185628	442752.861959
423657.608943	415268.062844
429889.340751	442462.048518
456526.768549	435957.51166
450784.790778	443656.607009
437569.285672	417471.377852
428740.353954	446142.190451
444072.263949	433001.495994
431394.727374	438077.048942
413402.494684	427005.318618
434527.371226	401239.562997
421624.850542	427273.219247
445336.288605	413295.867198
431517.385568	435766.513921
433106.651602	450102.544716
424051.052514	449653.806104
432969.514028	429425.635591
440563.892525	430424.844131
435994.814776	427469.777947
411327.025752	440555.725413
418398.556309	427827.17402
442014.927374	417885.907259
461422.385142	448182.92194
442486.839658	428195.487732
417647.056974	419923.875456
437501.961548	424272.254926
435624.989714	431822.788036
445321.729822	428579.128907
435776.738719	437297.58151
447197.54866	428739.178036
426894.165516	442287.567187
431959.488769	410508.048051
428690.358911	477036.963137
431402.952937	434789.371217
420639.403444	440462.180596
391249.360984	432506.008958
419415.167787	449849.94992
436656.128382	430121.812844
422731.311622	428362.063176
419578.75744	429973.487942
437672.661194	416840.774838
433210.492591	441691.915456
446274.897518	428062.890469
414791.479768	448806.994805
456014.017875	434304.781423
425637.706559	445147.399942
411430.642574	442497.567074
447869.467522	454216.395959
430421.426637	410976.870951
436211.883423	434319.690377
448167.852868	425869.233178
423711.260333	431238.962391
421733.361864	444893.056779
438380.80549	423675.031833
421584.389312	445807.786657
434049.813716	423033.735469
445747.08844	413842.487859
419203.891229	424044.857027
451107.555157	439984.319667
432128.477491	428502.435383
438915.850997	419441.821884
416693.54248	435915.091417
448613.18144	452081.869287
448560.695862	414135.896297
427178.153575	422979.359915
428777.40523	420177.340213
428095.601923	433841.579656
456420.937218	442500.486307
426672.37011	427968.274543
420278.099813	467115.148205
430867.058549	452967.335515
406679.026418	432896.560515
430251.109696	459172.819547
430430.041647	441250.279735
428541.129706	450062.132035
438332.780435	442813.07455
423155.041834	433994.985259
423225.185743	425866.56583
447609.700686	470031.359799
431931.880146	412977.85559
437070.520024	438364.998341
425589.834308	450322.815638
440531.525541	438638.331671
417446.900665	443482.6678
423640.826747	418271.547739
426756.59151	431414.082754
449188.642416	440826.580925
455666.739686	421575.07733
439718.054727	442269.22345
432700.262133	418839.207411
441747.311394	430307.43674
428459.324664	431770.877251
430509.074308	435419.33537
419067.555148	430123.081524
439805.057319	437730.779554
429112.625778	445451.417494
431301.382271	435493.576649
436090.678629	430726.132031
430483.283409	407139.453662
416360.162195	422984.579477
438130.043766	410254.370315
438859.206619	426057.428159
428436.613424	430779.276715
433468.853827	417428.616549
436937.69488	432597.980627
436611.1711	427599.988855
391562.61546	406706.700439
443219.921793	435837.357229
435761.887213	429447.203437
401031.042931	430428.99914
442248.988317	430253.137407
451792.935772	454174.477621
442927.999064	428955.326361
424359.368121	426573.493836
441850.523346	431398.485963
426793.541458	419828.305664
424265.807051	455724.773097
441945.990731	417241.454399
451379.6629	439956.606387
436498.301989	425138.330617
439577.573724	422300.959872
433069.577446	447015.280922
433659.318579	440766.99927
426023.40365	439040.579265
440380.82365	437787.038214
441790.224094	418366.971894
420557.849973	446674.475446
436699.778629	437363.060162
434736.66566	417189.753659
452201.521766	425162.839062
443501.63396	440014.419272
442173.489372	436226.404058
426317.103989	430924.314032
416746.252218	439625.545014
444393.895273	437166.755389
427636.684766	425841.591905
441056.640916	427510.670667
408704.513473	459191.753601
452400.497242	424194.768248
448819.961183	445085.303451
436956.540975	432666.060951
435720.82641	453730.447771
440105.732836	441603.336866
454606.712212	434909.764611
417217.267007	451524.73775
452735.78257	441065.267836
444786.842308	408893.012856
439498.621996	425498.014159
430146.31239	430999.730029
451044.638873	454915.03712
443854.195854	444653.544541
446876.389808	451871.833577
444207.691509	418420.203282
445022.234526	436698.254647
434799.840511	401338.284145
434942.532968	441687.551467
433410.698194	428544.518046
453400.28392	408836.775221
421141.867335	434397.645065
427865.498348	442578.100464
434420.520178	425872.731819
449272.715977	432108.005327
416873.358611	438528.337856
440001.816778	427257.756951
437824.227939	435642.816431
432921.186837	430116.463043
428548.919593	435368.223957
435971.126987	414498.872563
447922.455241	453759.03186
442243.121713	413763.418739
422825.723667	442524.239526
429907.883292	422411.746184
436470.714351	452651.297503
416483.153291	430414.065621
417883.825772	442122.899237
424122.323797	431805.022758
424881.874628	429239.146872
431772.036391	424076.629799
424835.701903	439309.639001
425018.14503	434809.568132
419222.790664	419376.183236
417713.741532	420161.338729
429500.431615	435677.356
427782.328461	418570.254445
446564.4031	444619.432515
424801.381949	469901.469935
442857.834795	435348.153198
424188.541105	442832.615789
432201.379195	437133.544904
417753.989978	416267.144613
420786.041251	436074.920804
429094.825779	420963.763269
445428.227075	441572.870031
448785.606307	448793.49733
425922.658428	426950.942168
449138.567457	435445.705341
449974.843162	437491.010691
431839.53968	449592.690041
416091.16655	420739.925244
417618.26741	439403.150519
421929.967165	420222.0088
442140.59296	436039.83513
419145.974414	446784.421892
448673.067242	426520.34924
426734.800596	438891.261643
450072.876325	445421.341329
420913.964085	428430.378784
441589.735718	424116.442213
427965.343258	405186.85188
444482.837865	439685.447728
451112.27188	444975.328909
426524.562949	450942.5425
432762.848706	431276.051482
435907.276228	439270.580371
420248.461749	413191.862042
410017.509933	430428.141934
421496.880459	447801.374543
420409.197253	440810.530266
438155.208932	425898.891531
444488.520758	457695.505374
422926.208789	435497.269771
440564.250092	449884.583778
442566.511936	434386.14486
407650.883332	420727.699549
447002.209456	456194.625122
439668.767924	456239.399532
424237.204913	451247.306518
432901.14766	447823.677827
440896.076575	432694.251363
431361.367973	437257.954584
436249.134478	425900.560233
467419.287133	454013.541868
432168.193172	461346.151464
440227.994685	431338.293943
411992.943437	444447.762186
419076.265786	441443.802034
417680.298094	461956.343687
418190.002297	431086.80986
432920.796225	446719.618221
436571.945714	431232.102586
436330.614627	469155.563032
446474.271249	410730.629303
439784.488882	414174.357128
421010.168142	433340.100168
468045.29626	453708.8871
441771.788647	433680.403331
423332.670846	428526.014993
423723.806159	438845.622185
428194.552343	454740.724915
436980.003545	425241.60212
451037.321445	419681.423569
450798.306101	442034.400199
434137.171888	425770.668755
418200.949375	429987.116668
441799.84212	418422.102848
423608.573843	429239.705133
449451.105076	427207.492835
422930.074974	416571.443014
436583.113029	431611.659896
444469.797024	444440.353024
436674.942095	458983.041804
427199.00149	432000.662562
418380.185492	430786.204786
431801.555833	424868.763664
420256.181224	424786.481262
435543.231157	420242.52873
419132.872515	441364.998721
438037.917944	431766.188771
422348.885004	447904.44676
413312.11699	427076.704824
434319.875574	442605.2344
436973.221866	452423.361985
443618.639092	424129.915944
402028.819332	441604.343305
435283.158242	425792.659996
409689.760556	420075.878164
424722.158494	440500.711077
449777.629657	447984.534159
447821.507159	424236.097238
433655.131878	418167.077168
437605.612723	436799.58733
415839.568002	418034.676239
418196.596201	452070.226424
424569.553867	421344.544179
428345.352675	405691.656276
437390.978309	432915.054799
451070.149623	441418.16681
438352.674455	451246.22699
430193.832081	442532.89074
431272.214567	437927.853931
424895.469562	417955.896572
443852.93292	452883.634104
417696.097812	426492.229602
438517.92922	414773.968337
447611.992271	437098.039094
461714.413627	422755.566575
432714.808492	447678.387171
455433.530464	431521.426694
426879.710754	414002.425199
437020.321692	419993.756934
440918.616069	406674.977595
420512.804539	454080.383754
444101.291624	417394.058213
467123.632148	438508.514021
433436.164354	443021.486283
428639.959078	425397.313042
433934.516878	435688.735193
436431.701836	448961.929249
430672.76167	414617.041839
433801.732709	429374.483914
417242.376647	428244.529027
440511.689544	423107.249667
432212.957862	447841.826591
443314.660957	444105.321597
445639.272562	421909.304951
435654.164316	451610.155615
417139.753905	415461.451937
457165.099602	432649.066763
419020.56642	425267.543162
426749.04601	461099.324138
411476.484771	412824.722394
412749.371473	458413.782568
435250.408516	443015.992964
421334.334717	425745.974412
445377.555449	438358.279068
454177.801947	433982.611667
458563.42587	443428.866979
434893.560065	439569.621032
425799.740733	421338.939079
435546.06428	454882.094519
433509.709263	440631.317103
429143.883238	436635.774782
426433.443454	445449.983918
424961.61183	445547.230926
419028.132201	424764.767685
431918.545385	437952.106457
444874.310153	410755.199284
422826.335156	417484.373482
423874.248403	440429.586729
436969.270774	416292.934528
432048.009424	434339.413629
427614.937915	421223.721463
424684.187268	420462.432497
442858.194278	432874.414801
447009.067731	420253.273042
417632.046481	421396.44766
424683.87015	430803.431117
412832.400366	447502.68151
426860.117823	426671.325665
429512.836901	435065.165342
426353.287675	442445.871285
443066.019922	439266.907281
424948.178273	430812.598516
427559.818784	440192.15555
422446.134868	426152.621713
434653.437017	427997.299595
437339.987407	427639.582836
443001.69655	460018.576841
430851.532208	417925.6228
419250.668404	420973.339116
440700.285063	425057.719194
426016.501931	423683.4315
434359.64565	425817.04917
432780.943557	424527.88382
443719.371905	427897.665297
434230.540371	431391.315773
429984.762313	455345.229765
440989.437354	439066.827329
440493.245272	418852.838592
435992.654113	431778.801154
456923.03168	426618.183676
443821.776002	452278.048321
438193.00089	435095.418703
430529.116402	419469.974237
407329.49678	463886.170384
447029.107257	424617.918366
440216.864906	449288.3099
426086.431639	416536.54985
433381.866539	444768.398855
438507.477799	430113.933626
427736.155138	415852.921442
427638.388799	447248.8599
432584.586236	453420.34645
451793.892262	427705.519133
426818.557811	424599.55599
453125.10491	432572.499902
427616.474081	447177.563202
420118.155451	417646.681109
419327.137343	449934.433637
462658.076776	442482.943008
427694.855969	418578.928794
433751.798294	439810.174938
423789.78825	424955.324071
454786.401195	428609.548156
448728.742671	429191.046231
459359.538084	439065.13927
444252.839861	420419.665004
434706.910907	416875.930664
419581.848467	420680.082964
420628.862871	427011.047861
444348.188298	425334.226448
430813.551769	434066.75589
445575.610195	445721.183168
448061.692716	420547.486637
424021.723046	441438.338739
437363.426166	406686.209872
449528.302813	428121.215518
448388.830764	418775.835845
412958.52885	427725.377599
441961.068946	426425.631857
433671.951182	423755.935895
433856.024399	445808.390787
442178.642264	445104.195737
426634.455771	424423.56042
423117.52578	408477.925595
430309.476755	444348.801148
433081.717743	437506.160996
428544.961256	396443.773883
452014.674412	430709.976109
424950.864347	408300.280632
397624.739515	438528.549514
449606.011096	441410.896226
425064.928686	418969.613906
427732.757738	419466.557681
430621.857359	427726.485524
450459.507628	433801.427202
449479.609285	446776.562885
447101.366385	413901.869378
440760.615619	415250.07409
421378.06439	431994.926383
446383.840797	447490.883029
416963.097079	442480.164206
427375.139724	432446.062963
439269.898022	439021.503931
448816.930159	418689.910509
435115.015705	409722.392663
444425.358875	432796.089719
444125.343818	431372.030856
424905.069133	420090.964982
437797.92086	450144.413879
445671.833433	437037.791314
451483.883571	439319.286702
445698.50334	436073.323307
424877.873499	436467.961772
438140.817312	429839.730897
444823.483198	416520.257401
436124.723421	428200.435383
432774.739626	435815.18711
425051.398776	416867.406666
426952.271116	415231.301866
424019.632791	439776.457725
456632.393176	440783.859387
435346.402982	426031.31746
426271.494347	411936.272964
429324.079846	413867.911847
422070.517958	427087.977088
410063.967488	422283.140493
417286.504771	420941.836849
436471.027658	424595.75924
438097.213609	448251.759239
445671.648772	431883.289725
432860.848993	429394.519819
437171.160355	421939.159296
420434.356001	435137.053541
413383.985665	436641.756348
431133.830286	424549.213685
443013.635621	450458.914412
427539.773219	426823.002624
430917.967073	439447.406189
440267.785699	419256.259036
452423.93208	434515.385745
447068.816879	435602.924142
447843.079908	420062.034066
413892.371754	424755.921767
439652.09172	439921.320569
429273.382726	430208.299979
459530.530147	458896.834156
429408.839623	425509.903423
416128.691969	433408.591168
425722.772778	400889.808392
447753.108063	426263.917465
431348.046429	438712.961991
421766.31236	440032.809231
418597.787613	419488.545514
425008.007958	436777.686884
425706.819114	430046.86555
430605.030716	424159.85671
452325.086807	422395.797145
423172.191745	445935.597162
428338.2586	416625.471378
430932.101518	418517.25358
415602.087224	422177.481591
431948.738989	428448.911321
432110.771268	442468.946962
441218.441906	406029.169326
417613.79998	454122.404881
454487.936565	422790.81336
448862.970342	437273.428097
433402.873549	440252.179459
424226.361896	445331.71334
427309.003312	445413.694724
441418.710152	416064.649436
429023.349756	440925.291625
445177.047891	451058.386917
440307.655309	429967.902233
429614.051909	433597.578911
443040.726985	429073.277894
437622.090119	428579.43656
432792.596715	436065.65978
451413.504321	413488.994759
435210.678804	417625.769446
431149.393048	440869.63535
400798.42324	435611.740334
437119.205303	428720.78221
433309.221465	439579.608671
421916.202368	403823.683907
426827.476983	409282.360876
420840.801717	427952.775913
454759.526937	426545.471101
405971.775821	433485.487563
425042.287158	437728.389439
423131.800588	423603.185365
442332.172938	446454.32433
415051.782354	435524.239428
429838.482542	441847.584701
421179.475956	453397.231971
429116.13432	451101.052399
439920.41626	422236.125965
426620.916345	436699.106252
431716.669628	436249.940511
417946.191545	443341.122853
430149.697592	437316.228251
414374.102616	416488.26459
415532.873023	444774.563697
456257.993546	431276.346574
436364.564403	451307.298084
410832.942613	418725.653941
431422.300305	451302.961225
425803.486601	435228.021337
427017.66985	462697.295938
414884.995681	455368.331193
445354.374258	437735.518548
440189.026323	426594.244357
451540.980564	434966.756738
439211.572334	449648.553712
442759.443374	434083.447738
430803.07524	450891.885101
417719.525762	432253.308388
414022.955446	406086.980778
439129.572951	430209.053073
434050.834617	438505.317076
412164.587707	421335.059792
441259.054229	429138.541702
450093.08788	430636.571398
438491.219182	424287.376095
423064.39649	445543.620381
403233.733586	440466.390959
448854.665375	431198.566813
442240.585771	419132.375582
429308.487157	439669.329415
434285.913454	446387.890033
420676.002351	447436.221134
422296.902302	447005.621309
441796.37591	424593.845996
432817.810714	422549.338812
435202.710572	432289.788158
459932.270577	426820.005941
441494.634343	424113.586251
428945.22921	453246.467793
428304.167474	435983.633851
433600.894632	420714.137188
