78436.7094193	66808.080325
14241.8469299	44705.1743635
46969.8948907	-85761.2058315
51606.3228543	-106141.589052
160739.069781	17585.5276882
6420.90615114	45274.5888405
71825.2165463	5909.41872955
-9351.57163651	-161123.454659
63329.2639975	186717.46433
57466.2682951	78672.7422511
88527.9030981	-12176.9379819
-58927.6435046	-220298.046151
116997.57189	11430.5948122
-2237.0684185	93142.4826797
191128.990004	-29512.0869544
20338.7649711	31942.8069687
227742.238523	193744.092879
134473.106133	5253.32326597
-57845.9766153	-123839.7055
46822.699082	77177.5376693
96355.056283	-115873.713715
118598.058167	84406.1153194
-154915.350386	115707.025382
38180.2855932	-109660.522063
-13859.6376145	178147.723233
-44518.0032198	-24213.5049308
-99202.6118237	22348.0709348
-4449.95270349	8582.93165796
-158605.895684	-167166.58707
112488.348432	16527.4773632
91676.6627518	-122782.639359
-100940.943152	-6835.70224378
-94435.80318	126526.460935
-207257.763093	62552.4284323
184102.677096	-129606.842987
-46562.650824	31812.4638152
150594.43662	53106.9870157
34701.6733285	18409.6880998
-24176.2233857	-50969.2437415
-51388.7430916	-23107.3765782
-74773.5518503	10919.4376618
146858.622072	83767.332513
-132871.484979	112073.607415
61945.2834144	86859.1666314
51448.8014112	-11515.5276284
186460.917766	-39950.9829002
43264.7809146	50523.2130344
91152.1262847	23049.9416892
53127.320884	27552.0637883
81022.2208522	-86661.042102
-46324.8694377	-65279.3972882
115212.306853	-93690.6772643
83922.3824195	8590.26695927
-182866.158494	176433.158054
-35753.2555539	85280.8533275
-60893.5414327	-17811.291188
-98458.0228386	-134671.778423
204882.12022	-38422.6958623
-17871.4563671	20644.422873
-52824.374157	-127084.81543
-14970.8361572	210891.944149
78654.5585933	32445.2394186
221291.461597	70856.0325088
-34601.316988	-12561.8798775
-109391.096908	69105.6173921
27783.5544218	-1139.55663911
-61178.6501823	-76901.1419678
-26885.7682384	117012.85784
-55045.8939143	-90618.3337886
-28031.446635	-96029.3720442
-46075.563624	-21868.8454741
122590.573174	18741.5849858
-38810.1752722	44793.5829177
89449.7970431	-38629.1043556
82817.1123416	-101319.579343
-62574.9308632	-57846.1718739
143726.192851	108361.319215
-76749.3119806	-6916.63710505
134803.996879	72058.4062687
199752.296435	-9170.64992001
72523.7998048	28671.3841393
157977.14985	31813.5889553
179567.21676	122785.220837
-141166.621812	-21936.0753778
102977.177905	-97008.1289803
15712.5358495	-127559.99118
50127.6868699	31132.1424694
-211027.521019	180573.437835
15044.6224052	9068.98212389
-234273.921108	-171150.145635
172896.502877	156917.070642
-57761.0282148	88595.5163602
-176376.626119	83133.8492477
-85145.5325898	76832.1644249
82490.2588277	-120043.373578
-44737.4018163	20955.6906387
3537.53535807	-111626.172003
-2880.51214075	-3908.16731757
133598.326029	8154.03967898
42576.0642886	77784.1923621
21634.8536374	-16458.0988324
-23907.3609999	839.23722086
-61015.9512177	12541.6123332
-49707.4507084	-122842.734291
-125573.068469	85150.0964677
-76560.3154378	-30318.5874764
30978.4986708	202387.40669
54164.710427	93610.2682216
-107533.248499	35906.4155339
2977.06866682	43111.3850192
124075.702458	92583.538408
127118.622556	-44275.6056881
201265.827844	92789.6224478
-22195.0958288	-56600.4780191
-293484.579624	19842.6095707
31055.5111089	17501.9901672
-87050.1457128	139046.30571
-133965.974405	-149425.55785
-88829.2117426	-15494.821053
-11509.3354332	-104928.363922
38211.1053528	66095.7476567
-70108.6191041	191818.551349
-18465.6367418	-44577.3892166
39175.7103353	73755.3178513
105831.016529	80447.0217092
19471.9525297	-54165.5630799
-84946.0898409	281555.78765
54409.9662833	2197.26350828
78075.0577247	-20867.0920819
151116.837532	-38733.6739894
-5073.97409487	-23904.9103832
68820.65064	46828.2507222
-60687.1425426	48734.5344802
-48437.2983008	-38433.2829411
53781.22553	-56095.9456136
182826.136961	120042.263182
-50886.0366401	125741.168459
84938.9944182	88551.9226528
66304.9485556	-156146.029209
85135.8689379	2577.45495629
86551.9579094	81811.5663998
-66870.793289	17361.1007387
25385.991327	-28446.2402168
123288.570667	84117.2196651
-109617.491015	138710.504272
152130.216478	-54251.3354573
8262.38128889	129412.767516
-63134.8548099	-75243.036306
-128449.218683	100045.677303
-24395.6039142	27658.7325092
139919.549046	-82694.158097
67862.6307877	-27116.2707535
-79683.5770616	-108266.071564
51489.8998631	-21850.9873541
58022.2815808	-122275.165041
100322.019807	621.423644425
-11578.7703127	-207811.185883
50797.5695349	-137626.293075
136114.782617	26839.2524144
-127296.226308	155994.009718
-47473.6481912	24156.4345538
26104.5351919	-110669.780394
-44672.8494965	120864.773317
33048.7609688	-8969.6820466
-5130.78402552	146975.887585
118893.120578	-170855.514092
-33329.3921762	-48129.1653282
-99018.189557	-88312.1852088
74385.7821643	-134992.284167
152489.458822	-73806.9578355
65999.2371265	88846.961695
56653.6115677	-29944.2829471
74408.6750682	37312.959893
100584.734841	36311.2993809
29096.0375299	-125218.854476
77501.2689576	-183444.242677
-57417.7886986	30753.9567839
-37804.6006597	25583.4282275
101416.785617	-46519.0302547
-34957.5374154	90934.8618292
22129.2915083	-40059.6200769
-83060.6700525	-222515.642398
-25742.5163923	28286.4050763
30892.7193964	132596.232764
31637.2475651	-98454.3897615
-27148.3772719	-42851.4533554
-65703.0017618	-85539.6992197
-34398.3362713	-132925.173529
9003.1384544	106704.710902
-143614.04901	152848.609855
82310.7052949	-123606.803421
-42463.5660538	94897.3940754
-151896.400573	94759.7521538
-6620.9046466	-11990.2305403
130147.828189	-22251.5702754
-72995.3908882	140021.622857
-65285.4606413	-70574.4400558
-17986.461921	-79358.3457017
124399.069805	45344.8116087
-11768.2979424	-144316.412831
-99797.8966436	180653.743136
-109117.819599	199728.694211
647.94569671	43679.2554275
-167262.775316	135605.106471
-248610.979282	-13024.830155
-126258.955176	38480.4490274
103968.195073	39080.4604868
-19565.5864987	-52785.7498731
228632.291481	-25574.3534116
-37956.3469672	-199980.226388
-52910.4329773	73119.9676659
71967.0851642	-51805.662559
72250.3618312	-70370.6315885
-246708.500273	62070.7204755
-82442.5077352	-90984.4516112
103905.211447	52770.9147468
106109.83974	-8039.82226787
66179.9844572	44572.5932483
-198912.964455	-71120.6104262
-190960.005378	8087.97739055
13707.6567594	-109540.098814
-92796.086221	-130730.88621
-3262.55374787	125386.353376
22681.6335344	-199470.134801
-46347.8031447	142712.008009
58863.0750825	62449.0138447
232241.263025	154899.346307
74967.5301083	105481.423067
-147844.837392	33506.3574762
-234795.625225	61962.6168518
-107035.090155	120584.218887
121301.083787	-91041.8604129
-44531.4946557	-15960.6486214
-51779.362036	4263.65886605
-79814.6147098	-5523.265404
-19036.9227389	-112529.664122
-10618.3544579	69996.6486942
78177.2591367	-9900.94430644
-57350.239876	-38265.0824357
156058.349083	33833.8619024
61648.6458308	131812.063222
68343.8251471	-18811.3864802
111912.026364	-70865.6619081
-169121.79075	-7494.48475165
113905.822278	143880.151145
129757.258798	5849.37773098
-19933.4378267	2544.24629899
-33213.2588065	-15882.3688721
-8897.1179762	-74528.4877883
-84884.8244565	30422.7732312
-49223.0578645	15153.0623574
135603.088125	-42880.6366712
-53372.2310621	53137.9260732
-33443.2248857	141802.134999
-117014.200977	-23969.0417237
31226.1422935	142388.31953
-91882.2715332	-7678.73354488
310436.41408	61762.2613657
3863.06612369	11014.9501877
-127383.94911	134564.079486
33692.486889	-77398.9452159
54471.2603987	20552.9435571
16468.7298639	21435.7832718
-97368.5580816	16091.0091327
69975.3428076	-35924.2535551
70508.0137247	-164258.563114
89220.498168	192982.928219
44399.2922415	130086.020272
-10974.4323345	96647.5510739
-39377.3169581	127971.144028
49234.1100609	-66090.9868121
-69631.7026436	147748.273955
-207839.353352	63196.6268498
85238.1508015	-57715.546489
-171821.214127	89221.4295228
-52582.0553003	-129208.517225
3785.27695077	-2092.62072776
-137008.695828	-2815.57119571
49979.3682837	103301.949249
100613.823095	135826.966447
-202977.984427	32138.9369759
-61631.8702325	106685.268481
-21979.9811466	3910.65094382
46237.589443	20830.1421012
-20486.2111192	224301.649734
54557.0370659	-44110.5086482
-73954.534412	45125.8431859
-140962.286706	-44014.8056037
-51188.8244663	44768.5786994
31138.8398261	-148697.50069
178835.044799	18077.3651627
-74735.6018207	-23566.8489001
28018.3942682	-87738.3923271
129331.726928	7250.83997649
-124739.511235	7905.91103162
-65467.2278931	96821.0384225
-23855.2550353	-2928.3502277
91730.7710931	-128490.394037
-102621.156187	-30907.8629812
-97454.2476238	122902.074553
-211720.045325	-48356.9020641
-12956.2164217	-107835.783312
912.177462804	45095.0050542
16454.1820928	-2362.25584197
9654.83537511	112563.998818
-29254.4643901	-12741.5254851
-136359.725716	57942.9540975
-152510.974262	-18977.8107848
113618.011882	-14841.1612054
121084.703651	-134203.724927
96126.0979163	88514.0695097
-76762.3395425	-7163.19502394
61442.6926418	-26330.5233642
16137.0885426	187510.498778
151284.229891	19297.826651
-124833.821991	-47280.6360057
-119531.105322	211663.21045
-87288.8095835	318274.541597
36304.3758431	-275394.628008
-184406.175325	-87608.7935734
17551.5545205	92892.7578344
-65864.8598357	-27700.6395531
-93744.3271787	-29465.0223134
16587.6722335	-9911.90150017
81755.6818764	-47777.7733952
149190.446475	-13069.9655941
147488.644101	70555.4375414
-68572.6005029	-137496.85542
-55521.349824	-87039.5087501
67670.6044127	-46931.255826
-79987.0170796	14018.7251197
-148788.533151	91659.3889852
-48055.9586892	6328.51906834
-174191.367242	82303.1084789
-58458.6909577	11234.2451464
119904.665442	-40396.4905528
-175314.882673	-90449.8433086
-67591.4849752	-145787.549629
-11152.2731131	19299.5652553
43030.5767005	-167965.643245
70163.9221578	-75998.6416241
-60223.7571383	-37633.027589
45350.0151288	131599.228291
95925.5614129	108469.325099
204756.978544	14472.4066772
-253972.119453	-22838.2729413
-247859.159589	57258.2806047
-260699.071915	237801.437093
143690.7467	88735.9292406
-5247.64836577	167955.264726
-4514.36895999	-170192.294368
-156891.649559	68217.2260444
-106946.966941	-143167.286957
136197.049457	65126.5654199
-32125.5378243	9747.67282462
84014.3652906	91235.3251954
-15453.7885629	57920.6992479
-71849.6061196	-186355.808086
70027.0768212	295492.726115
-29989.4971565	-44331.2682959
-56962.2201172	77331.1424752
243373.553435	45830.2848745
-107206.633858	4613.50543228
-213298.362808	-58383.264688
-66114.756552	-71068.8563245
-57335.1848311	76496.5080241
-21525.6591472	113101.680641
-85393.2323564	-32592.603497
19445.1535455	7635.28783763
148293.017199	35504.2576096
-160230.143409	16154.0973006
49449.8018724	23959.7571881
-57908.9257089	70629.9714835
-5901.43088193	44485.3948917
-67297.306924	-172839.470537
-31626.7671645	32798.2883688
-140890.99899	-91196.0111507
-206055.022235	7271.6233966
49414.2523242	103371.501368
-112196.066003	222361.443401
-44929.9898263	-203157.671073
66475.5743295	42693.5510883
-154477.326428	126755.650888
216662.697267	106630.365531
128172.73578	152322.984867
-185536.109354	-14140.7323424
-38627.373314	-46526.7707297
-59439.8370273	439.30375936
-14548.6676499	185641.172353
2076.90854784	-13473.1503912
-141120.987335	24160.2016455
105250.680594	6448.12314659
-152220.321579	88531.1429616
-323.5917409	53277.2870124
-35187.6952895	32973.7069502
45463.7833614	84108.6682825
-14311.374805	-18547.1104076
147961.347326	-2466.40967632
-30774.6680749	-10730.1547718
166841.570222	113936.454149
-85490.2607748	43455.940806
-30417.1139897	10183.2791125
-43569.7087169	-86097.0623116
-17902.8272813	-147456.924823
-10238.4160422	30710.3239577
20287.367317	132679.990265
127650.514498	-34802.2127477
-184543.802134	-78387.9466994
-158650.818067	109952.401614
51760.725382	169478.723443
83101.2787068	234797.308086
-53037.6199775	-50640.2697281
42304.02801	50594.9492653
159243.255023	125678.896332
-90053.8070412	-26501.4608152
92030.0038058	-27411.5009147
135527.769099	-33806.1881691
-129026.456717	-85056.7943517
-58084.1218047	-4058.05202465
-72189.0490511	72314.3391042
131118.488538	-180532.313585
-93333.4895353	-2656.31310482
-31647.8540596	-161919.583845
-142052.694271	-52620.0841593
174419.601468	-15497.5449482
25705.018801	-88387.2197705
-110045.440828	259071.24386
-159759.236936	63717.1002548
54066.7983871	-14009.8876573
-60713.1656573	114637.388129
-29299.8277589	-199643.040549
140285.116833	65175.5296108
28354.7745485	-97204.8660026
-29321.5222025	163812.993561
178177.037739	8973.09736974
77838.7707119	135627.332806
-14951.7739201	20944.7547835
-61028.605605	-51265.6459882
54150.5653415	2334.62405643
-33052.3063011	11443.6650909
109921.119729	-72393.2597907
-179791.242042	-226065.751389
43334.2526834	50604.4815463
-85901.4694053	22815.9159769
-151499.584006	-8122.33307772
1244.69190542	13673.1187778
47714.5698399	36390.6352122
1385.39996004	65284.8221874
-37200.8018081	31683.9364468
37267.0631028	48145.2762714
134225.2048	17409.5981098
-190916.281301	76543.3108239
130612.486804	-78684.0086134
143555.836807	-47746.9559358
-131930.445044	13814.3214577
-13517.2754833	-17286.6210163
-171620.997723	1423.45918696
-57055.7229297	-85180.161826
23159.7768155	-43491.0251812
326902.285684	9751.05020011
-102412.528716	53337.2558687
-71279.431059	61026.8070202
-51496.1976228	-14966.726128
-24427.5452305	-10987.0306834
-37258.1504308	108445.353829
-147278.043538	45348.428095
-39129.2835448	-156370.075452
-19696.1665717	78901.2850356
32191.228073	-90724.7696761
95409.766698	37289.7416441
-19616.7967051	176994.50254
157246.953927	175262.293579
-252237.315713	-20795.6315116
54203.3830204	93992.1031546
-43220.0088664	-5399.40753355
101726.244723	-55191.2735222
8458.12374606	-247964.282289
-69927.3049416	4206.8906876
-86363.4804666	-62092.2464986
8833.65630429	-82282.1020068
85773.8397865	-111764.183935
20903.3557832	30302.2865315
-156425.337076	-212551.82809
65591.5587132	4489.14498091
35016.926543	25741.0150534
-79823.1679586	-220287.157662
-140909.929544	-38839.5365505
-54049.0479867	-74704.9096822
61281.1621228	59688.3720254
-44469.9426302	76948.0438466
72358.1551115	-45533.5462519
-96508.015552	162119.110802
96408.0236975	-33500.9205129
39037.6924677	119831.472312
127454.190742	103568.422436
41337.3178692	-64373.4324231
5765.95081828	-90562.0055103
73129.332302	-136835.124535
-1881.08928469	92795.696122
17230.1509548	-76947.4645307
70498.9455249	120691.204555
141175.834755	8139.3585381
186787.644065	-39640.0520782
-180985.665515	-65224.8487143
144431.281045	113029.804425
-217975.940836	-89524.0427395
176249.238825	116065.700542
-43145.3308019	59837.9908899
86724.7948734	11169.9737303
-88342.0237551	-27698.4470365
-32442.7739241	-93043.7772738
-96361.5499681	17787.6601562
-199112.004688	-32296.0481511
-3276.09668365	-51372.6803623
-191453.153608	36215.5922242
-188766.978749	126102.396051
10235.4891888	45979.8899291
165215.999507	19180.6239647
40142.9946543	-144714.667265
-130703.149062	12434.7505407
-73296.3513836	107508.460732
-142516.05833	106575.583536
38315.0228611	-166931.054893
71578.4459416	-3220.20790217
-108211.284152	124191.174442
-93821.8786672	-18382.1159124
314816.756744	-187154.37632
47102.8274385	-64273.2232511
33601.0695578	-43937.4598777
-105878.107655	-44492.6400172
76140.5935385	21379.2668722
-73934.1249896	-112076.493556
-42907.8888954	36033.6906677
-141749.465657	-8558.69956565
-61503.7642489	-18928.2698867
-10421.0727617	73260.8521376
43710.7765542	55895.4900579
34337.9005789	18018.2147437
-109222.122104	42540.4381517
51934.3265942	-198547.9523
-142543.409531	-52791.8489183
-75773.0333394	-69416.4550821
69243.2726794	-145816.589643
104615.751418	96148.4860589
29813.218995	-53313.808912
51346.6144649	134297.479027
-146028.560703	76928.5603057
9864.64655642	-44501.0581263
-25776.800231	33077.6216687
-17993.3170316	36555.2088488
-53115.5438048	-35121.7926285
-15869.9732208	97901.5204884
121078.042359	22640.2651554
78091.0994973	-50607.8778101
124.353433128	49263.6371061
149534.5865	85266.2360469
7091.13040549	17792.9434765
-134673.118238	62044.788056
-12388.3787992	27156.2808814
6940.70845566	240171.185946
-165174.30804	-264849.074411
-40676.3917335	10708.8037669
160902.228561	161992.660302
250061.844138	302752.930341
-75293.3581131	72368.3869691
62361.0452156	127528.090622
25920.2111214	4441.42248045
-257194.660433	10584.2230836
3967.70223815	1450.40412413
64956.2171241	140146.92623
108153.976827	16744.9703625
4344.14729674	99281.3447656
66640.9809823	87113.8778103
-154282.281427	49860.6717957
171267.358575	-213159.034363
24710.8189901	109755.52894
-10572.6371914	-4273.9097398
-77571.4870218	136149.629387
-212778.480584	-16817.690647
61604.1161841	82904.9067472
-15909.792977	-71547.0353786
-85151.0791156	123076.01189
-142447.114728	56220.846794
-101189.457446	44171.9090296
207264.290542	26227.2714907
22792.3915896	93832.9601924
-45245.8846129	-125612.488964
-66227.4084944	-75228.1423193
89686.6452836	-302222.611896
44699.6348884	59050.6944367
121105.392699	26218.9014843
12738.4272829	-97999.9307354
-34518.6285592	-80611.1227678
114527.990464	-118407.014149
118251.596057	113234.468553
74975.3334239	51777.6204807
-138324.002621	93221.1614189
-182441.24976	-14201.0931347
-150457.088169	-66872.8456444
-3229.29515896	50647.4923844
81829.817883	-95765.7753124
136212.808838	56045.3619202
42190.8832006	-138115.895201
-160324.917278	57624.3047785
-18222.390889	-23011.6282529
18480.2804292	6071.18749283
19371.998391	60084.6908486
-164696.449813	182108.478044
-3003.29051499	-110334.951647
18761.719254	-65506.3737925
43986.8996907	137612.20397
-174985.172054	22720.3616333
-17150.4269144	-6907.07525245
-93050.5420495	45104.6811741
74138.905572	-22396.7581062
-32877.002531	39011.3289086
-17433.3674518	188787.00754
91603.830071	94082.0671892
135474.326752	174188.06261
41306.0556027	36495.3138999
14866.908491	-5179.59397874
30619.8278101	33509.8183327
64758.2720348	-87126.9140236
156544.736287	-32251.3875029
-37283.3156008	-74674.2950386
51287.2136789	72434.9346926
-35470.4328877	-53481.872614
-18351.3864733	-79879.2142122
-67194.9847357	121244.883765
49120.5243905	115425.036736
145683.506821	76735.1266205
-29512.6323821	-158377.212925
-68380.1307937	89580.7175509
-93329.5238108	-37538.0743288
-6958.01549105	-52503.7648296
149420.700282	96696.5140717
-125255.445782	133610.482752
-31144.7351212	-94838.9113297
-93672.8690554	-68160.7825122
100363.421801	97592.1292945
-35379.3687657	-96914.9776599
-190206.435974	-47461.3267597
84488.145738	72457.4756456
36501.3124898	-37150.2070825
16271.5908879	89259.0585268
-150913.080312	-34954.3698822
215188.95221	-55657.8180391
-43772.9151221	-45022.5290289
-11958.7413101	-83884.908111
80072.9414113	12973.0434742
125044.188345	-24442.5860966
-23598.2540438	48733.1600639
84145.3763245	175857.135699
253855.448933	183118.604294
27628.4688404	-78878.2790621
126975.637107	-118013.809468
218992.233713	-138601.106179
3625.44017561	276086.211808
61175.5182388	109661.002633
-40057.690556	121756.251513
-11317.2416598	7774.9407281
-46977.3757284	-156865.739836
15180.3071032	-38761.3397916
-48034.1372654	-23932.1906383
-151672.439437	-103948.065456
6188.43529993	-50050.9625576
156965.258868	13066.9384037
117429.590059	29099.1096847
230711.381414	2550.43343394
244109.157338	88885.1791347
14641.2203078	-57686.2147623
148656.012337	-10994.061569
103312.987739	-208860.376554
-58547.4555959	116210.431477
11408.2944024	123511.969201
42072.3389228	-142150.744789
10121.6126094	20047.2468761
4485.44924081	29217.6738274
-67014.4910851	-81437.4144577
-155911.234462	-50133.4165693
154289.309125	-176784.266869
84318.2272018	345185.688504
47503.7044775	252437.146134
-72002.3750696	-81373.6143063
-166636.728403	-50878.9689228
-126573.159611	-64222.5741529
96568.2661854	175674.758939
10686.1625219	-101224.78324
-8120.99457101	93190.6541037
-60927.9140944	-269803.367278
-113829.19209	-12923.4130727
-57641.8419775	50626.9242209
96760.8546961	10411.1535829
19144.8573771	-126549.819901
-62315.3811211	47396.5779512
-24321.9180703	-46740.259788
-227471.502592	6495.48669262
-199266.153057	-81573.0297604
-82845.6762642	-18519.8826908
100417.956388	45004.260629
-30584.5127118	78215.7442692
-74185.1333515	43953.6722351
12589.7926434	-95717.8267502
-102224.918103	-36029.8108858
-146490.323911	60041.1217367
-57598.4850857	-31218.6346867
860.645577248	-72361.8192019
-75816.7262577	49179.8054637
50557.715964	53452.3100442
51087.5845038	-181701.419621
-141848.903765	-253089.873565
-80390.3496687	100168.294232
-49763.5959075	94051.7277717
-192641.155885	-25361.9403351
61320.0453671	105167.022226
65053.1822863	-127970.604506
-55109.4607747	-41490.2501775
-2732.50946627	26332.1871828
31298.1755061	-13112.2712954
-80173.4176156	-43409.9087272
29322.7795062	55090.4664157
-197044.843152	38696.3721681
77423.3146197	166765.435376
-166042.459922	98358.8009356
24780.1915046	-65999.3509592
-48828.1468	-144677.559535
-111399.536781	40685.0430218
-112058.273727	-24962.6185589
-14686.4401497	108181.266975
-18837.6922631	-32539.627148
7701.82118995	74999.4889032
63849.5278019	38273.9764241
111538.300915	-175126.456983
243588.254854	23131.0186139
-50607.9176108	11040.575389
-63383.717706	-129298.209037
-7460.01629724	3007.21345993
-27800.7544786	81976.2179239
-183075.944588	128488.29567
2265.26605429	-39982.7115573
39607.9467232	-24922.430993
-111539.852219	-65440.8943623
-8023.96867064	97918.8378126
106.591874686	-68237.0133713
131191.525057	-29843.0922622
-74345.5352504	-108147.066925
-46664.0145855	248203.682243
-94585.606625	258782.135405
81010.2594942	90965.3919577
-26657.0064944	-362768.346632
-18720.0090537	-2854.68257928
132147.606522	-35303.2740888
97166.2079453	-7222.56900292
-2046.21256888	88287.913746
104934.800483	104549.810868
104470.823752	-127886.889924
-82048.0240374	-15394.9554934
6438.83319173	79687.0703879
72804.6516112	138551.980383
-177267.213488	58668.2010919
27418.4597693	99388.9439946
-47231.5547366	114361.915344
81362.7123231	-55414.2270251
4368.97026384	96006.0361312
72119.5607969	-34116.9174944
-273777.161115	-9670.22993907
72645.8041589	63701.6363712
-171004.029827	212074.204903
-122525.364391	-166459.319322
-49677.2803673	-21421.9420984
56985.94247	105655.789924
-59474.278271	-13385.6811706
-20198.3925175	57104.152963
-58291.713848	103570.857854
57392.3535012	-73673.4060971
-84870.1802506	-102993.749392
-49440.4816215	-44021.0378138
-5065.3648073	12279.6626792
-28411.3374874	181610.119171
-167732.295086	-39031.2999411
-65671.5285326	-27466.4605215
110075.488057	57520.3698893
-5679.77805653	145308.446821
144715.222648	-33047.7680935
-21231.4444231	-181518.244896
19695.9825801	51029.3919702
174199.947998	-518.704723054
-44673.3235923	18101.2655516
17919.3521056	136226.383888
-40783.9169917	25777.9925977
20847.9673405	-111209.605861
-16826.0791307	99396.9227097
13452.4142141	-28838.3466167
36518.8586367	-29127.5678312
83173.7922039	-121154.371649
90593.4233179	-194986.330408
-703.336951077	70028.8038229
28283.8491388	-42071.7541614
-17255.5447064	-3971.11842497
42209.1032871	129060.467082
-6017.83240766	-59912.0697348
40616.2728182	114478.537929
-9842.99630294	32728.4488491
-3349.73485003	-50695.3761698
-28054.364666	-63108.8643588
217448.502018	174010.7026
-23409.4681064	-30191.5211676
-121820.358009	4529.60486589
-56960.2948012	-20229.5783545
16032.4109841	-92776.0445207
-1849.85338185	-35658.3569985
59086.0165138	-38527.9333432
77651.7008379	-9197.9928663
49162.7979943	100736.985604
-20346.2045688	103562.722627
59192.1216283	184543.278893
188124.53488	-164911.761833
106869.867608	11944.4455047
92241.4308542	-154166.361456
89975.484489	74340.6461608
64429.6373267	148952.404587
-31779.8549871	-59434.285159
183373.626229	-109311.837536
5968.99845727	-42679.7176173
27070.2473771	-61731.8161959
-19418.2986015	75010.8995771
-167291.043802	-103761.087384
-419.200099864	-71820.7757583
87220.1634591	73242.3927968
-100143.355442	-27929.6498432
112545.667995	25725.6589181
30079.7764912	125932.574423
63099.0450953	-100329.217414
58441.5540774	-132492.076618
-3134.35256247	-81838.2151935
100789.95594	-30019.9089254
110966.320761	-77159.2327793
-55659.5964351	4983.4567385
-82083.9381938	29924.4344151
-39124.6636063	-75604.748311
-50940.7770591	-24228.9553179
-17618.4536463	1700.14804776
119084.615868	218718.219279
-94453.3413917	77314.065279
46783.6928079	15938.8694726
118568.719586	55861.2029522
-99035.4274552	99468.1750682
-16515.3475075	-132705.600262
-101413.32138	59970.1591175
2776.58251643	25320.9001535
-42031.0276195	161111.061984
-86129.9742196	68502.2400509
-81437.6780324	62693.0268452
58183.2836853	35445.6930022
188784.993655	-3554.02547392
-29194.4740742	-67107.8456672
-3691.05904819	6440.80185961
143448.334906	-160431.549764
8052.06616128	159294.003961
30700.2388973	-45197.75562
-68392.0588325	-141803.96659
172575.868116	56453.0792111
-42196.8546394	-42128.4375152
-8400.98684022	20127.5774974
-54356.1363124	79927.2201019
90878.3896934	235394.532049
-58919.4349756	84597.1760089
-145839.34223	164694.621953
-195571.052164	-11642.5273102
-15716.0742068	-184132.884094
-55685.2302206	-190481.09967
89158.6697162	-135480.611484
107158.42795	35062.8256071
-128445.435713	1603.71928542
39413.6699676	-19246.030636
106093.718453	24323.4112865
7754.4478812	-19831.1769351
83627.0401556	164468.468788
65725.0884004	48140.8027719
157752.365752	46042.5249865
105588.308594	-32751.4938505
107645.944686	-104886.153785
-32890.7729994	102812.931145
-20429.0741572	4510.00496777
-15386.4204059	57332.4352315
-152716.895284	-64973.1937514
-82123.7496105	-55526.7535465
618.666064453	-2231.61959006
28310.1913226	-137549.567747
9561.37049412	-30170.5295457
45718.3194887	-26082.4185863
-149321.863646	-93770.5888565
106136.395043	-29234.5282774
14261.9621842	-58636.477024
37462.9712556	7401.20416155
-74847.4943768	-146094.808652
-87419.9884777	18742.1518071
3344.27524555	-26156.8579329
-30117.2838202	71679.6710284
-59260.3287331	-105617.291983
-27278.2279131	-118617.945509
90284.160913	-120919.818257
-116159.594525	-14599.3260064
11126.5460346	80588.2899246
-88778.4225433	105695.755503
-9624.67914054	90835.4517937
114642.070688	-204037.400271
79815.2334969	130453.734314
-60668.3491265	120753.797129
162749.14858	163474.47896
-45380.1361024	-77440.4153005
54237.9772212	143691.549941
-182747.671097	101175.699259
-168458.621116	210807.021545
166673.666932	218606.815236
-186838.109082	-142489.736225
-24080.2774894	-65995.9354881
7266.45076499	291670.671773
72380.0251881	37069.171565
-211849.546612	-92303.0571059
-67156.3461541	-108950.528707
78121.1706908	94140.0566394
-148880.625543	-95911.0681136
11298.6979319	-102823.081148
114657.206551	-118911.167573
63102.5634749	32954.1533713
18218.8403223	-36071.1216628
-56832.0837041	-40606.0619607
41060.4637594	-4259.13166216
-145368.828033	12521.4624151
-152772.373279	-28104.4909381
-77373.9638552	78108.9937238
-162210.36127	69348.3924246
58815.1298444	-8068.23641548
-112027.696599	123563.177797
-3040.50307393	1749.62653492
-10547.9989977	55498.7657611
60750.4351808	-41175.6112001
-23526.9434639	100605.292449
44291.1847782	-81288.9840925
207410.448346	120410.758206
78706.9668251	-41904.7995448
105095.961455	-88486.2537007
143562.990688	55638.3250118
-109669.715143	-48176.8784425
73811.9363022	37270.1284885
-753.098345205	-38954.8332801
11509.0602337	193028.70974
-83590.1988155	-48872.7820593
-96775.4130794	-61843.0784137
-87007.7555443	145182.993921
-115588.353701	83552.7804426
-131930.060111	-51442.3949001
-106895.967522	84652.7865378
191720.868325	15533.3657098
18058.0387989	-42566.4381462
-1312.33812706	177841.578389
-143042.190925	165409.678819
-5852.95473877	68932.7807873
89302.1874	50575.3426051
-23633.4812451	82169.0099441
-122183.273957	169514.449849
169653.214382	68982.1611631
75297.1194929	-96195.5762626
69050.8470199	58487.8000611
152395.90535	116689.263027
-84142.030846	-168904.376765
-24442.314811	86434.6323767
-58444.2380151	146996.391659
65295.5803933	-78646.4668729
54832.3869188	-18668.3442242
-11200.1868895	73061.3316623
48951.027238	43643.3972668
-35786.0963039	-49194.3667775
19554.5247183	-54723.0135319
123407.947495	57689.0632913
125922.805011	118538.810715
-16938.348796	-43991.3046125
31568.1811637	127701.828552
16875.7477028	-166021.849058
38459.4890242	101745.017812
74047.0470053	47185.0894423
-149837.045828	-176561.312255
-190624.474302	-87197.0884999
7328.72205441	-29946.3730437
17041.6648626	-115207.606176
-79208.6852468	30846.7824683
-66099.9564017	-40438.6840591
-38310.6180479	-101950.393317
160887.707597	74525.7950782
64730.9933451	-42478.1447786
-204196.452876	139777.366009
162185.459998	-11910.1839086
187681.019437	-61935.7117367
17438.1252834	-90447.0653587
-51508.9311526	-110013.67352
-49407.8582822	37844.6422977
-1993.17752194	-137970.171678
135811.89636	70159.4628919
-131038.013676	56828.6798814
819012.349613	719702.307915
743003.659552	609241.487911
635090.509991	673501.225126
644142.193955	636878.978807
683846.134092	651065.977723
610618.945544	753454.754144
611550.638049	758957.023624
643065.695015	684187.874477
709894.489252	648710.627912
699144.989034	785052.064671
631019.613188	754563.06462
662183.143913	704842.481254
724737.282162	593790.022923
878997.913723	658843.847014
750644.642717	614141.757169
684221.683931	742929.146733
650532.236551	646842.676315
644171.824856	658713.078508
727957.226048	773658.521379
738101.857919	599546.001097
729390.866063	691523.479774
698934.700367	818702.316778
691434.602527	777766.321369
649976.169515	767053.78231
749790.923361	698376.997968
606100.658673	827295.633705
782950.705462	716116.540559
562539.047005	729880.852247
747618.627479	578628.778965
735312.064469	704727.891091
828569.469767	687414.516057
641255.516331	804480.415333
695863.990395	662791.320126
678153.730919	744575.841183
663900.343625	607850.25621
650103.858416	653604.380405
656843.658506	639307.939856
693560.065467	631913.712395
756057.417642	781669.962282
720290.606056	809851.146025
783033.763256	757787.788829
655741.744451	718482.735912
847971.552148	685093.105163
691121.119492	719110.133909
744031.341222	744734.077453
656536.596925	876149.572376
661968.11155	699930.045023
679280.532038	630707.509979
657172.220267	675318.284142
702862.671874	749871.090622
736495.53908	632078.995728
715025.808851	624690.116628
591104.833007	698914.606576
679369.453425	733397.082347
721807.980897	677285.019724
624629.093722	656427.310846
728273.372236	741995.446456
722904.847199	520875.034498
608640.290561	644168.267397
672919.209782	689330.68824
717065.915604	680186.560829
676530.255417	631911.123867
664372.217089	705390.261435
696347.339123	754520.760537
715299.863347	687716.882158
760695.942615	787263.540271
665503.535625	675645.90489
626384.013693	769076.17019
560491.268649	734363.554997
663048.506006	758577.096901
760940.568832	700792.878044
637327.853987	694278.899861
657634.665558	727525.50263
700330.291863	719689.694433
680464.218196	668637.820651
683947.71661	740384.56023
657258.974104	702591.307679
677842.129159	654506.983184
708888.375389	669867.330839
729622.871474	736829.955796
746719.137266	793672.65846
698166.428379	669585.925762
655531.781254	609967.137844
649340.113073	781002.647778
678729.170985	719600.209604
694497.336136	684639.210487
725658.278493	883149.818335
723552.520869	691440.068747
687925.755903	576414.650823
778959.152684	676371.746549
787235.118244	695576.658841
676920.194733	633509.052925
615731.513893	592632.737318
820897.914082	668505.949506
661206.685659	735700.846647
781388.718299	728878.941211
795768.838583	729095.537742
754028.340477	664994.947836
685551.293413	677417.745868
713333.323387	742592.41035
694822.89126	617371.766836
627790.071567	684487.341253
636772.1683	686152.552295
688082.626396	700640.893833
760777.292468	687196.215981
840680.984719	700627.127539
747549.7922	687927.920051
838112.31363	740763.411415
629033.162245	661038.695303
698162.934232	690763.587333
722818.535252	715587.766996
675148.821266	762958.324819
581767.575028	701815.772086
596307.076965	713272.533045
761255.707989	707723.420312
769376.453938	686155.687436
768062.381716	647122.55698
734815.771586	724404.798289
655734.891664	484066.213629
697343.59738	614173.316217
764947.086258	625012.737332
720590.434833	716165.342492
608735.459925	780683.176268
681210.518275	758511.872427
781711.594056	717504.037998
625932.394868	644972.91986
647008.762821	678488.218336
531443.499553	665908.066281
658883.596613	635958.59502
767092.654851	640155.659206
711131.753913	723006.883182
773895.918252	701744.817785
609993.620216	721210.13533
763249.323063	713156.865212
614766.682976	690277.563582
658903.14274	694685.427398
602989.35791	636402.05958
687440.456343	733215.025811
821841.850132	769585.901671
648535.361285	725220.333595
797660.767469	683475.490804
825075.835521	658790.096181
685011.579926	777270.905657
730369.563411	767931.90027
632040.644698	618371.064616
787140.476767	644300.62969
708996.498425	671266.531108
671617.021362	697499.505657
727698.614106	648426.771545
724811.860081	719939.780047
597367.297012	648951.663919
682067.572191	715871.435221
713763.481911	710547.469728
711306.252507	666773.283314
699017.086199	602599.958318
749206.827338	672881.761333
681841.059903	662375.099982
721796.000475	750069.722681
665691.275968	759697.395372
732078.203136	673425.610394
609243.691322	766595.866127
742616.158291	692403.98522
741769.790414	674509.334148
623446.140579	733359.210006
618696.437191	616541.930477
837572.198625	736396.448939
748329.005865	655053.796179
680009.658286	617478.345934
687094.0279	760163.77751
715332.589471	724833.222821
826719.444424	803374.404411
835936.293288	756767.119373
771293.096681	728985.440226
638931.344399	673929.690799
739831.63751	597707.866562
605500.71299	668666.278863
657357.572647	727474.949943
744519.114024	725363.300095
692329.895589	773915.339336
635120.544487	748329.519018
690517.456517	711450.316886
621517.363132	739745.237842
686348.921722	665172.086921
632023.880641	690499.593168
633378.932565	759948.029379
645596.634088	681343.93911
636397.059271	745932.642036
771775.525886	664660.500486
687490.801539	627974.720461
744917.414661	716910.087234
686759.656846	701164.117705
632086.146603	663457.972923
582965.178819	617102.31021
687767.581914	650121.417309
697400.575982	781893.157165
670380.227421	744138.328239
575578.447054	725386.264812
656855.239797	639341.501675
693349.691194	832571.523594
765973.216251	658208.744891
778846.575279	671109.688892
731382.461466	614414.841606
655683.381991	632616.960991
759900.632341	694511.831693
778722.093415	646495.302735
594696.842858	715183.998218
696880.013673	723931.361434
668851.439805	776585.711688
689121.376094	641355.289413
606884.488739	663031.448608
732988.532792	616644.018172
775233.88975	740716.660179
657698.827782	670543.948315
813972.150459	681281.394376
745862.558709	674612.108852
754468.569946	715244.221822
708664.322972	675363.596088
672592.737033	724250.286101
705229.181163	759911.935349
720915.418053	664008.408607
674952.168097	631506.018386
809780.30598	698123.444065
655715.334782	660070.327996
701179.132894	595003.664918
678596.430075	693757.919484
689098.355174	736803.962604
700483.124796	709879.122809
728452.227871	739454.253448
766817.418321	821987.473302
707367.308927	721775.358702
560362.446555	655636.94113
646840.836669	722656.334613
827391.33003	649980.841027
749461.599874	756368.768944
614627.451563	623458.946835
767142.452136	613303.508777
714191.221267	554267.405114
597696.057796	713485.566542
763036.658244	746852.25523
752324.162253	702167.823912
599298.96501	795582.627542
756322.331567	698283.616195
713021.267882	653759.474209
746466.74288	700153.751216
746530.626649	631366.533322
761527.147402	741626.797008
674415.725428	726632.08946
683415.301435	644954.55994
664739.568663	654373.986104
660270.512061	740700.766961
785250.342168	680572.378119
671010.639204	641382.586058
709494.006352	717248.485608
688094.634107	591444.539416
749255.612086	728032.869949
582279.744826	700381.531273
641254.053371	676723.416782
782638.553783	730400.958971
720721.66119	786702.742029
753025.511431	834322.98102
703772.298471	659669.780011
734975.265323	686267.523608
740418.805339	788207.271803
660539.377975	780834.197912
695547.063325	655147.280181
719707.206347	704730.689571
699836.327425	743197.261902
599105.524429	654364.084367
662406.201778	631658.699065
697922.838727	737494.391758
646163.994613	692755.244857
688496.683227	700552.286402
760113.797521	645137.984461
714456.264385	740031.74066
665948.188531	701999.505735
656578.377323	554774.076374
739169.013982	771315.431758
637297.049668	799482.082867
726482.754769	667078.546046
758814.999072	784480.551698
681372.660632	742885.621799
709157.095723	648623.905534
710850.393385	643344.004123
703958.163587	785399.328914
770029.2179	742232.265947
748380.995786	654013.816771
707648.936594	728044.952791
785985.721759	624027.925721
717025.101329	662602.636703
657120.291235	781379.100725
638417.884121	742018.22301
602852.081841	640527.854493
622596.697047	660811.37043
767409.357788	716454.486405
756028.937149	756366.295773
737539.89821	717435.369296
718520.580978	760030.178447
693165.37419	709988.432797
632691.596252	754608.235106
748402.987444	641148.387088
627637.561022	703927.051406
638187.156816	564518.903463
566589.630881	693344.167961
720672.725518	772379.995158
687717.261396	761650.67363
686450.893716	678366.777169
684754.810693	626803.321022
577415.20699	726813.352571
685269.544071	701907.671486
647281.065218	696405.181265
690164.207664	778633.749227
710527.472912	643385.924253
675761.634915	785184.162753
658179.161903	699216.992197
674088.053738	669467.707668
754984.597641	638970.196638
685856.672908	600217.737425
710869.087536	651444.09044
664866.220606	693558.829841
676644.009824	664194.049204
754827.634918	712824.61418
806451.257199	727740.563341
739984.696314	618928.376233
890679.513941	756572.402128
692308.497267	669672.289033
706532.835631	700363.336659
757930.218125	737682.865693
685204.035804	739863.392702
601595.32106	705906.770786
728581.557116	724485.124224
693783.259241	599431.682259
817907.195448	546616.793526
803286.228163	658746.117605
744859.188391	687111.076423
670563.287295	820703.72322
606262.978985	804854.540397
612987.992348	698195.891431
742964.776475	699512.020645
731932.86222	806450.78154
643306.792015	649989.154199
654509.442628	673204.00314
692982.882849	600311.838893
657993.746188	779240.270475
754402.816445	692661.198843
663617.501657	774060.424779
827022.312807	655477.701874
704231.122042	570265.57643
620343.424739	733044.236418
598857.327931	682217.269244
703419.491837	724305.143896
669360.121178	713111.626225
685360.39324	669826.636006
678799.509244	799422.835721
658195.49175	632333.228497
581115.451562	604385.016795
680858.122888	668494.972454
697547.229243	627256.054456
784240.267878	611468.049233
756158.604306	550284.082289
656795.316055	579401.340206
669899.767223	620959.055397
738253.095701	696559.675168
669868.479887	651831.648492
816125.785326	758067.633345
763004.392869	742973.499594
568503.701264	704884.337608
544126.120296	645012.918892
704859.415834	623305.572552
680336.427931	641822.420621
782190.53482	683127.06153
625348.816641	639061.394664
744317.898527	727300.23145
689924.750944	701854.029454
754240.601609	703561.234534
701760.571326	744803.990217
690000.768916	699195.855315
796795.533542	652927.583148
670010.10353	658067.633597
696975.363448	756767.753847
724860.451504	656452.697451
690608.195094	712473.448687
549046.384388	698535.634014
685183.802886	655722.973984
725782.077604	777657.138134
813318.972651	690157.022609
729514.681728	777520.960271
668232.208916	762458.786775
622458.177303	629740.437553
712837.232885	688182.688576
731167.895595	626606.481348
633518.740269	715496.412851
669294.485875	623751.632299
661600.897217	612404.544284
608062.313929	797275.358861
672748.322108	623777.992843
662166.55098	588531.660063
732750.670686	700314.844518
786127.719043	679303.006236
712851.962389	710424.125307
761161.506062	773133.067572
656178.94196	650162.069697
656347.555346	757510.450847
740458.215117	754516.730395
671669.571056	717016.69552
632469.203343	687484.997384
686257.106548	688286.320854
561419.804948	675610.002224
720185.66934	710106.185081
625288.206565	813111.112438
681404.871008	707589.423945
584062.253028	776136.658222
616471.596256	556558.442199
697744.959103	649573.812686
732643.376991	699010.596985
663832.619711	682064.002685
711579.650461	777470.236918
572691.714564	749592.452564
589272.126468	585168.574705
764941.752617	613270.786172
782876.032993	707353.580051
715960.93084	715911.192882
629636.529225	741827.819152
703915.419914	763023.408217
767975.462201	700423.282515
726190.132263	762580.926481
708707.899493	697485.890784
804115.705526	802065.158081
706958.994514	827665.712699
541819.042926	676887.525792
697870.890351	686589.788497
713407.449688	671948.755396
810138.654571	622877.957754
773076.784589	614338.188297
726197.079753	778581.530873
654301.603588	742863.300259
627521.17455	760420.330677
759742.740531	793231.268865
642749.856659	737948.383584
734712.153725	659555.637005
806084.342043	749752.946694
704226.457827	752988.789393
608867.761266	634667.171718
786463.279973	753444.605277
764078.909391	680375.991095
680534.830976	615816.17465
784718.313592	700485.501196
710783.451285	834325.416762
599148.715348	706065.210963
763643.06117	727097.760963
695516.123517	639722.998831
716595.685069	821824.599604
684460.417045	639238.654616
607030.783483	666069.569397
760409.903454	654153.840439
718916.390397	774666.544625
690896.042794	810316.762664
695810.516896	733599.359734
694439.728347	697781.378589
630143.343737	816143.97727
803160.422878	755158.519769
742036.107922	654260.8836
698815.489838	637541.218469
668865.60231	675608.358952
675498.318942	714871.38156
828003.599562	607869.600355
706752.571225	738161.195393
649589.283459	710392.204632
627612.802761	771567.26541
693937.10163	609310.0778
659875.640842	609135.694422
687879.318156	626760.839844
651213.049144	675737.33138
742175.662017	664532.907813
677616.107541	735723.913008
731040.465204	692512.994103
710286.225655	718515.308139
787450.595886	709770.016755
738019.88346	589544.637132
557555.752231	759644.347164
685543.822241	699381.776589
736393.006298	676844.088162
640216.508571	646327.910613
700903.075436	732472.353255
711678.160954	666383.863087
679330.481864	775455.15841
577146.975294	655713.708762
724217.709302	774539.943031
628512.096869	752892.06736
697668.103977	693721.498859
724747.147828	695961.39233
635206.189382	641523.834763
786258.188926	700478.976297
802984.433872	724832.548915
601411.412529	684473.911907
752207.810134	841058.514599
708749.667836	673921.578305
689014.639858	647144.893002
696587.743067	673489.242031
693321.475588	663827.015198
848268.849602	638837.710242
776547.837878	694945.123681
669486.108092	652375.065743
665374.322757	625176.590168
628817.847496	635445.926306
660964.288227	711903.986645
706003.198879	731537.48349
802315.244538	770303.533772
710044.78048	774307.541353
699095.224077	794517.0812
705937.970246	688346.485809
760847.811299	785507.770673
723624.70009	655138.96585
763458.707015	604110.172359
579278.329678	619927.5563
658407.924392	763713.02806
725537.846148	667370.22197
619268.841085	676329.569349
647204.112812	671846.190047
753709.799201	770204.692551
710297.50291	691502.191039
701939.896385	641556.335711
710857.379522	649914.796186
596963.958785	675921.010365
752757.870115	629905.995804
717577.212199	741513.244313
699933.602378	770944.954901
672642.025159	669572.424631
692897.011824	614114.084419
734424.417432	657854.398619
629032.979865	672484.056881
736910.828997	667483.782291
713464.389147	741029.372912
700299.837049	592447.084022
624629.714104	725096.462498
629941.921957	776854.001398
734795.468156	566366.529341
698901.464659	767185.403369
793270.554456	737635.800235
786761.870729	791546.770639
682922.938771	707738.329068
691572.965858	701529.817332
722506.795748	664024.276847
776724.419367	722204.43505
595787.041863	597319.958538
646191.198927	732340.822852
628260.218216	741457.554937
777515.11761	685992.662683
713707.601242	676982.346259
660563.803077	651771.070828
617465.824082	729504.29738
601566.099327	769583.371835
647941.577614	823060.45487
738677.006035	690145.848931
660666.653181	665253.004214
726019.923359	749601.321224
670678.494309	774017.794037
735305.333276	687475.582447
600546.946808	689847.573483
529767.420913	601444.044223
746415.96295	799951.986999
666466.965014	713512.4387
665887.377676	785901.450865
701171.016597	693790.151883
648413.60038	621739.755564
687291.588847	654678.303906
666634.752425	699288.341255
654918.158425	830652.160597
620734.69733	731613.179823
741266.721261	645432.602346
782690.701244	600145.994302
701263.361104	728366.797728
719607.746836	607772.423853
657448.186051	671810.532085
708933.25044	721275.200722
770328.90385	707111.087858
759302.820003	589717.309929
680260.887703	686021.30327
723376.14749	729085.450297
806143.334224	725792.76557
706707.892539	706834.820227
715920.742713	697881.334546
687346.519791	598948.575856
678569.664737	687508.770006
739768.777948	737020.495209
764202.384544	666934.201176
754874.018753	668757.249072
673084.441919	666546.046215
622369.60333	752285.985034
657160.671257	764019.142238
667562.375102	682123.224949
620800.79785	709622.218231
673986.374742	811798.838109
707617.793157	682348.067247
651874.805495	656573.854101
739747.331521	599920.244413
658399.348013	661640.816509
650904.463372	750973.435814
720512.451743	673307.174893
780789.70813	595355.251291
773289.91294	832991.01064
579575.844771	677707.625045
604533.114507	693368.322309
735583.111725	604078.578854
639823.254246	732894.254125
733571.701973	652464.758996
756530.597659	759537.211138
690543.728762	688534.936788
810089.091572	690929.66518
703601.18347	741515.605636
628062.996531	615469.570812
667753.72876	685737.178845
642338.979475	670955.55501
681320.424517	664768.230134
661145.954753	727316.701199
701360.779621	638674.407712
769981.179165	665410.365668
715894.944819	784883.209036
726282.986632	710018.699782
602920.989638	688503.360284
749180.70136	632619.279828
707843.805796	701168.210312
729219.420322	619089.834699
651653.049193	604284.384171
739584.1476	611911.747377
683243.913911	664510.788314
717387.793997	672351.885951
743759.856031	679424.107908
667788.937319	708286.343208
647438.839172	670769.632971
660368.742746	866920.050925
739769.447683	704000.120903
740713.365598	715329.162787
667297.706398	670503.430905
768924.400032	671182.939723
786650.515437	722453.189219
754859.160557	749671.624715
695029.11423	780820.348152
630513.102344	736252.292235
642240.249434	715843.530538
719111.74251	699569.797739
719357.772287	746641.339145
662873.550744	605271.757385
657686.247792	695173.751301
672339.290776	712247.074669
660964.121662	725078.202058
736926.345407	769978.77101
750452.50688	634096.552279
593096.720392	642501.048503
639843.034373	715247.254407
570627.525588	767638.979414
692861.003937	722894.771417
497382.708542	673534.029122
601173.710711	720673.197181
552613.595097	772145.296108
599853.37699	663385.318259
681134.893844	652681.272264
682803.051331	709475.228953
833135.174718	710053.252053
692285.732951	775851.690443
690410.947324	641802.701641
705660.867534	742400.995842
706014.838634	647941.127989
716514.638799	648558.079367
763820.596964	762577.636672
667800.274273	842446.485704
628331.241309	693839.603026
751052.824173	665694.701974
622407.53139	706552.961575
783434.294363	847301.983227
663321.843216	643275.406886
552540.542089	605709.360728
668050.330841	615338.627565
678019.180107	656460.581987
738869.656874	623775.005553
729940.440131	701156.088464
660604.256804	739974.321521
685276.924279	789391.289033
645359.095539	680110.884811
645693.231588	703419.906104
724598.616731	654316.495246
646328.297933	671685.938509
658674.787382	638482.415307
691392.683628	692674.770084
782397.416693	709482.334672
708911.216136	701472.302462
551581.031261	748187.796799
749832.873814	842534.264851
709545.560598	766600.751978
737980.017593	679526.070117
691656.918285	698923.243151
712333.271477	701026.854288
637290.531336	660662.362766
627406.635695	681680.609492
738385.901863	643995.859735
667310.680302	689698.161595
629576.829564	676302.932067
924037.664943	691622.840738
708675.708488	749068.089181
773038.868371	842154.389
721642.754461	716258.142154
778560.05031	589938.559152
652194.646357	693200.099399
646657.047867	740209.885286
749415.20392	676101.850042
729518.5608	804933.963866
845263.159848	598295.513825
711379.556968	721113.861535
787031.371441	767624.640338
671896.105365	682497.22719
784880.14746	776473.103064
712758.750132	781777.831649
704045.202053	697697.058035
676698.378427	751655.533765
765704.492401	688029.308881
677640.759664	789487.381917
513072.429257	715022.90091
756709.910824	776716.799432
757122.88552	673819.858306
692173.405391	699040.856548
722691.688253	627500.976187
751703.767284	658758.524275
734803.494878	726655.293991
697626.724373	665528.994996
724824.401239	694624.420164
762450.713556	654818.078334
785883.125117	726033.603745
750938.196434	661989.628814
743653.472357	759780.548435
777534.610685	725124.431335
737363.046026	756415.098735
778354.959342	760462.066616
696670.52722	762327.949823
751102.494474	734371.064514
726886.754352	627249.515844
783722.161453	708317.895128
691369.391795	782570.295168
716472.058312	756848.985753
739578.122397	649364.909796
781244.196479	674798.887173
623895.63387	538035.76241
653222.105317	727671.187581
731677.37364	745032.236323
680852.557581	705150.341514
710136.815764	769065.041484
678347.0896	617988.528713
663010.140926	808376.67724
780240.134432	788479.792415
707328.800304	682086.572481
795794.579092	752942.615704
675505.973834	743534.743917
759247.045746	722870.949728
631155.963413	741646.340533
821537.534988	756702.656561
679906.464542	697928.36609
658141.434972	751315.722866
618575.505823	576042.955784
743008.06568	613530.020369
756582.374464	781217.847533
689957.342378	721584.804409
665614.815517	677384.601725
666893.270583	706533.228636
685781.129333	642667.380083
791544.865123	744411.98675
759894.265315	683343.338626
748700.14737	667949.898985
694563.689389	588628.348416
671539.951609	744067.687111
699588.42302	732671.805908
653452.537255	718845.451832
709113.926427	764943.345944
652452.364832	574137.42974
681733.882144	763481.161216
714361.570988	760513.03449
692135.629376	766121.128808
786354.665469	799150.838361
642269.680384	671180.321607
634842.35833	678946.474415
698887.7765	761158.652367
643610.228554	647226.126333
691777.10388	790717.197499
683299.62748	764619.77582
667221.298835	657536.54853
752306.68794	742503.313199
786008.553518	703800.368052
758974.195278	641159.972607
731255.654884	738211.620799
676128.271789	612112.327055
661867.269824	692358.418358
649643.049789	667359.806057
702643.717439	763138.111434
674374.6254	693373.921097
642463.231966	647756.896165
685374.577804	559558.293679
646139.255969	750776.567637
667534.913823	690267.049904
694192.574025	725052.443964
749019.939139	662060.251554
720150.872002	751158.084521
562449.690301	675351.503964
727905.226193	677549.062127
696978.927366	773341.021149
676231.723896	681059.833598
743023.90318	638941.643448
751010.906512	618388.437224
753065.578182	639444.563916
655844.157394	768828.676716
704133.065931	616261.19159
636492.308708	711231.29138
724745.739914	680386.423453
530736.417467	637303.336978
596098.973915	724655.705568
720193.120057	649298.008239
623735.318432	639733.729761
708916.192018	679412.069383
693921.988808	581088.586003
817301.990764	667690.223604
599526.675831	521666.139093
716464.718524	552068.607008
729956.606101	722259.990614
619338.650074	704226.716766
703435.289443	626567.312085
698179.241015	708131.147389
779868.306048	636849.657582
749327.921541	679119.248128
723736.444174	682154.448343
667555.703614	652465.428958
738763.179626	742389.338756
748215.856863	734646.25182
748563.680089	657321.736722
742548.898082	739921.315851
708757.99547	648109.432291
750088.807129	724626.186174
716523.447326	708337.303136
665130.841608	724427.714661
636075.191683	720781.126278
740049.412125	695896.730095
742903.674137	770921.377056
686627.064634	617410.974962
663636.048286	741364.739016
700318.448913	775620.323178
634994.767616	690015.878888
630648.023863	661847.537542
689521.725905	608654.90003
745484.012977	752272.502825
698207.0959	610658.755099
724288.475162	638397.743845
690729.981312	656781.056634
747231.479307	693266.826797
672996.640332	719902.269564
739484.183273	773494.772441
757873.583542	658010.183618
682313.28391	642734.968192
647671.829859	561750.27411
771274.471224	665337.859848
707135.72694	743036.32752
664296.556818	666942.722899
747676.941496	684679.622628
724567.088982	705119.944306
733930.416352	666162.280345
618417.497657	717324.547348
813682.960884	669494.683555
760214.892339	730775.656353
723704.505099	733964.82683
756281.02588	685508.150603
748533.789374	635950.297059
659828.108599	703330.414871
676730.762715	839008.741854
672505.330027	727029.882287
690522.645845	674123.368889
747552.928796	628909.180618
703442.805257	604441.247523
760814.253615	790083.497674
704077.990676	676029.183522
615760.931873	786212.630992
689632.262251	615008.525978
651219.932324	738949.906001
617979.097415	819875.264837
691225.988583	774542.0059
666877.567867	643546.293454
752477.425682	596997.791567
700577.096009	675744.75369
703056.488842	695297.051965
664169.872524	698652.477426
614283.771539	751961.590634
679550.595704	750759.366791
764652.131101	615521.266023
716225.576235	598283.91995
731457.752068	730050.124512
631113.185939	632832.428471
725205.71159	855974.915694
744882.438287	688901.998518
712805.738998	591010.164503
730566.051494	706983.661752
644094.044642	677997.936184
762527.710192	668935.86264
709252.239996	699963.394796
757140.650272	641998.618366
733717.637855	768538.45835
643892.67094	649735.757669
717455.249425	712721.040393
643935.84347	715357.084081
632560.639038	636384.360791
558460.892903	649966.181991
686629.314407	708649.804903
832605.076439	754388.504663
685615.04268	669777.441798
728650.644183	637978.660642
596710.159221	610663.717754
674012.923372	595195.247709
726821.729781	674303.563571
632360.497923	722623.60113
748854.927918	571285.900622
787687.611845	673173.669288
673605.914326	697091.455554
635614.495826	682225.559417
725836.850498	720418.792727
728750.154464	784750.499678
773005.278847	649354.834819
689539.587318	650172.413965
843823.73422	650978.890663
671004.833461	620305.96207
661038.297829	595677.576686
702466.329637	615198.714036
597498.217651	607179.063345
651857.745048	701336.396567
700962.17126	646584.116962
557289.63482	771358.167347
726865.767526	727485.863572
667421.419033	768658.936096
673977.43473	593680.578965
730679.477702	640525.342049
765131.066712	725026.072254
777048.227575	763788.347462
625474.071581	635496.979373
783332.698363	825395.988418
680843.033137	651773.75228
713167.581032	765239.524622
716566.385649	661589.729725
597388.511178	661397.95043
611316.317825	720244.348019
777009.464323	625714.581939
755391.056868	756833.502948
811257.52089	682625.963212
868068.172965	673906.669799
658902.738589	743522.445456
772156.882334	636117.563327
710739.385599	732610.505487
819102.809772	643176.668458
679626.837292	779236.569423
768120.760649	669448.190477
676083.683485	666586.491312
662003.101594	777558.358154
603971.426793	608778.13087
716821.462212	777110.719253
727345.88333	689136.73968
730827.358108	749007.588534
681933.99478	667906.618839
744743.246715	587508.727256
726591.273535	584608.764548
805548.548128	590946.203773
749898.550427	684683.759157
749591.001769	663871.044371
704715.350632	746337.883451
726279.471635	647559.342168
621517.632268	764649.447113
670375.361633	730602.276535
756762.789582	680455.228233
653579.437206	687817.981203
721806.093986	714600.868984
722148.366358	683084.671075
639532.205934	666451.299218
624948.637082	715155.13251
689235.977461	747979.909145
548615.77163	651571.670719
654613.748832	675615.800393
724917.867396	561350.079933
621063.701623	713889.096452
722016.54457	746788.717813
682493.414313	737483.750493
729569.733613	722017.064078
711159.533435	636773.630117
755354.102291	618095.257761
569844.91198	935898.554189
797270.871211	803519.021544
642402.358713	766407.361166
687944.718954	789208.024886
617140.861599	627216.44694
749739.766313	739488.484744
688546.508747	799565.381395
682683.7898	706568.230653
719982.582921	705641.841862
706559.136632	679699.188988
750353.736183	710037.542116
758833.565316	719491.256068
686593.640486	764535.782032
775358.189998	735976.285499
635060.306688	619127.239194
584748.235038	659745.218616
691197.713029	609251.874449
703481.326052	730558.618622
412481.235029	427079.931634
440978.633609	417531.464054
451613.245209	417253.509975
409158.416191	407116.969189
401196.453842	349533.405997
427603.977186	442462.562862
440063.985434	450815.702838
447869.204773	394615.966081
389296.163782	392217.076574
424632.240621	390488.557561
436639.823289	413738.054261
450831.608043	402018.867649
426881.684317	401377.128191
388376.251392	380432.729885
418446.018137	424306.942041
386771.392725	460695.264725
398407.588976	381199.67165
411242.008921	383865.606244
395268.584603	429592.174205
382139.715738	485309.047099
394135.254436	383138.911572
446690.756064	439331.108693
438310.044429	415790.817704
422128.651688	396090.728561
405942.348407	434831.225145
436426.356394	419602.649727
412254.324738	449938.780029
364341.907994	417609.672006
400205.697135	402745.100443
426392.439854	457763.868423
377312.644762	405373.600148
431873.312681	390195.687388
411861.914496	399428.184779
464870.479306	434418.847883
415984.631278	434265.593962
382484.154602	432652.7701
418871.202713	371776.704283
398613.208664	336751.223062
372227.081324	444356.350096
438439.359412	407072.302943
372512.737923	450890.347136
390168.241031	409781.968371
359595.076968	394714.96062
433102.74893	374386.930642
394842.040561	415418.001423
380397.498496	426130.467849
440209.424338	418951.477734
402524.851915	423421.253227
435685.73969	455120.523088
421854.416768	385575.934378
387958.471565	436934.669544
402506.087411	393102.156412
392277.2349	394549.294061
453143.89148	406561.907662
414412.567094	389948.050741
362837.380233	430956.461217
447284.423685	333607.132759
404421.068106	424781.858242
409721.220126	405577.330052
414051.432056	411772.1614
420113.393592	395143.516
402844.421925	366848.610242
363525.42436	455993.27158
368758.657763	368803.983103
424182.9624	420606.541826
432206.450965	411599.068109
378408.914418	394459.860252
405182.33387	416327.332063
411204.063406	339104.981222
384266.100906	403007.70425
410775.950657	409741.35733
395698.631502	413462.640448
416364.566532	416058.479726
384761.557425	366163.490672
432029.877566	388680.319322
379794.495434	371824.431977
394156.283046	401044.092101
385528.526443	396671.830162
402011.689157	406390.848233
431665.296012	420533.233726
381760.644573	379913.609308
384772.265838	399306.430883
441294.557104	387694.348866
408456.475086	430693.265355
444390.690349	420140.394003
381646.075826	409378.746105
445700.147215	402725.982331
455722.579222	423776.076446
462911.698484	444987.372527
337948.325152	385425.000083
392381.593344	420800.252526
412796.149054	406762.568244
380435.276732	392246.360332
370780.286554	401499.788646
388193.243894	470825.009709
403684.144193	404921.50811
357232.605239	408046.763296
442211.255066	359148.577255
448911.432536	419749.406241
423641.367472	436914.579845
412868.19521	441528.234821
406259.921706	402975.753407
431753.191646	445658.393532
388186.342686	397391.372736
380214.515074	399509.453901
403910.891161	448880.612434
425822.377963	423286.925103
397384.127391	385249.642964
378226.116347	457783.802186
407547.594265	388141.794883
404637.011455	419819.010858
411169.087081	404748.510033
412225.705491	402196.714373
437668.857816	406491.338046
418375.070161	404635.803626
359161.574408	432066.719185
416652.318991	349660.938289
389180.344694	424667.910421
430282.517826	416728.539361
448421.268319	373480.595977
382801.416197	424561.057073
426105.963276	403607.794885
403816.786892	372602.096986
440418.046292	414458.11107
455854.746092	350487.542307
430584.102739	411996.8246
422560.187458	405102.884227
430276.95946	435693.379464
394214.585909	395992.58482
403104.124209	429939.905038
430675.102185	409807.587737
363552.181703	394057.682348
415772.240704	400654.879477
358869.176957	445494.675915
384548.377094	400677.552774
387725.144574	376906.372913
371152.337845	401002.493592
426548.444031	420522.710192
456250.627916	427475.309604
408272.650768	392396.292828
415487.094414	376017.980673
403544.553227	398187.458232
417403.421051	397635.956591
400087.7468	414148.714224
386919.330623	418263.648957
430877.407081	414946.350595
386925.760374	380224.362343
383992.044215	454644.722956
459489.075014	403980.651624
453156.22248	396906.638301
442603.976448	409162.413089
420032.916198	380002.435412
390659.573753	428663.374572
423340.96498	395870.172516
407936.64785	381509.603323
423398.976079	434632.072031
408990.267956	455809.12797
374026.041374	389604.516212
372087.722671	472430.624832
349450.855254	453623.629378
388855.106645	463299.253737
387237.141478	431856.634379
427151.121888	402073.790604
391215.180631	435498.313611
411840.67704	374381.603996
392541.878899	371295.399648
351266.48053	387145.684823
381525.498635	377888.273305
445463.552935	428875.374018
474575.125054	433849.865374
462675.266361	431516.798857
401808.076004	394768.931943
466309.399044	407970.575975
418708.450137	384660.237959
396942.153796	374778.007198
424848.513897	372613.285467
399324.722731	408980.121309
444587.950229	415331.255954
386564.697874	427438.798077
402698.307769	424767.713629
379612.033055	400121.085145
369850.964201	446118.193681
404937.77698	373318.793365
464243.923772	436498.984405
411835.130779	427627.025864
443838.380572	405654.231218
472029.832537	368086.960744
373279.883003	380581.493988
462972.236137	420826.841408
396118.701228	420370.339124
409070.742807	406136.003732
366494.683085	388020.177217
407200.729022	419810.707257
417249.710035	369576.756285
388604.828335	401407.306566
414274.978183	401061.744284
429512.970854	415763.029483
407199.708072	400539.349923
388286.653386	441139.326792
448425.480239	317463.577459
448208.26793	421815.449443
362092.267102	439148.293914
405021.441629	409567.948955
416622.537801	406216.848024
391737.42447	433592.010894
414710.749919	420888.061488
391961.11268	463113.146346
464011.217165	437884.361619
427008.375817	413308.469968
437903.915223	409709.306311
425169.709162	392990.908508
444383.729029	446399.26476
419778.362403	457306.241174
401568.969998	410873.373054
515554.848631	391510.365934
385089.586827	475798.928747
413121.14331	469228.198622
418115.152911	442932.968266
457433.890327	391055.01724
446024.514982	421052.919521
450017.374665	403951.0136
445356.203044	457112.997668
370566.647225	384022.758292
391298.078101	380428.011889
402688.536636	399607.934621
408744.19531	363515.317443
424670.071305	403552.616443
460514.594385	437380.514649
418682.946648	328491.197639
449943.711852	403971.510552
414038.999519	399496.739104
379870.62689	455951.055481
402511.930849	414154.420317
400811.249889	441791.799704
400450.951324	440430.169448
435763.312307	335544.27861
368410.495092	379936.450805
485198.933498	429119.775158
436801.695672	419034.088894
415817.630651	368816.937332
404167.823438	390020.83472
404428.186978	442743.886349
447546.864048	410195.301989
494098.427863	377204.772795
413464.101274	440159.58658
410979.151163	394113.019603
445462.124754	448026.09329
402309.926554	467941.332924
403933.788988	453184.264313
478139.511742	444791.466931
394145.82768	438182.853699
445946.483032	396246.195219
377890.392516	466289.596768
443545.604786	394089.568569
452868.404696	398332.913502
392620.209178	323201.986973
398234.421795	397640.116662
433146.96086	422591.457539
397334.715803	439504.670988
420002.760873	389098.072436
407556.630783	428463.722459
435476.103885	367098.898415
377780.562787	376155.828155
405744.757453	362547.267011
364042.276522	444029.708363
426171.64442	395073.227278
442931.633989	369650.457256
350358.483779	414282.489891
416745.556298	404917.890112
436497.302715	360762.360901
425671.76824	467745.437687
393550.675254	458960.863673
453140.396525	445713.601274
405187.916139	367808.443789
450960.939403	401550.73837
373020.951103	398278.638235
408021.485327	384753.560733
388581.481361	362215.106374
428166.849291	480703.483367
393079.866683	466236.997321
414625.957234	419369.458161
400499.442189	454884.515488
444757.421211	430805.107519
379481.61744	377983.256439
452158.125276	407252.595123
419748.256587	347572.882536
415847.559113	391966.933664
468579.748676	385485.054153
427075.241106	399258.160919
389554.494701	389769.93872
358740.034285	418021.683309
418733.263164	438026.591944
325570.392763	425627.056579
388251.051007	408959.579332
379005.469417	409612.316947
417953.733244	396515.879136
383250.334683	398636.440248
434817.479377	423579.897072
435257.18313	376354.868489
408029.890813	427329.798174
402160.497706	411176.678639
433477.862896	350790.640038
429106.683979	401729.484582
430983.715793	427071.272971
410487.708597	378945.977255
359567.16107	407119.131643
378215.69632	421330.618277
434888.178802	425722.178763
364219.588716	460430.910223
383185.783492	408833.085499
383877.258982	391803.256287
437630.575136	357428.614979
396799.608528	421937.968118
397992.021019	452909.508734
393135.016442	390800.867328
375687.10879	382408.662145
477679.809856	458912.479294
475720.912031	430958.83043
445510.755623	410909.836735
438385.215948	429710.307014
441728.512586	440019.583108
438606.267296	432769.355948
373161.207363	454895.02527
416256.050763	437995.431348
398951.584225	428958.00119
432034.344113	452716.399045
422034.872363	404071.108544
380004.592078	396488.386137
410303.375067	383027.422516
407788.311577	436451.188555
350843.856345	402708.75354
430270.812753	400416.468186
420947.857673	381512.632065
392627.809032	435254.187635
381425.45937	433632.997779
436404.268703	412640.885859
371525.098231	392424.712678
439778.567466	406155.741225
381307.946823	435734.831987
485674.615211	392574.517195
452122.92143	393398.764315
393297.378265	434790.137508
395590.097743	422804.764055
454106.55584	421016.686235
400287.799591	403747.91271
407558.324924	433801.903538
444590.364522	396812.37397
428379.693942	355770.58394
400851.368212	356692.606374
463919.379602	390280.625495
369076.099607	383220.077124
376007.863915	367065.258525
437284.67293	450424.853416
415561.083311	377304.720337
409208.918985	334107.43642
406400.622518	395287.396903
470066.8073	345518.880628
390205.071979	383908.833895
382516.203839	415235.481976
405600.429981	428509.826726
416818.581076	392264.460565
396892.411112	351581.265615
413174.415667	375377.431549
438408.865591	435814.102136
446190.75665	435642.841748
392690.777146	407471.120436
419503.423761	431994.403195
386354.26632	344358.749611
422104.547912	430163.064627
375305.505386	391419.042375
415802.372379	369894.032697
419785.911262	405388.26842
359806.33094	403517.541163
439945.033133	452734.083942
419767.466765	362534.688176
400899.098332	408406.521512
373329.992822	400187.648358
467345.895455	416917.087048
382621.746478	441737.795144
368752.971865	348910.504079
402033.9739	429974.002962
440928.960649	377637.792509
366352.339552	439645.438858
418728.11832	353579.748432
399043.627295	431229.695066
399427.313447	457020.720837
453148.5101	420599.879331
392070.00875	363566.616068
423429.65168	397828.254329
303608.920677	394000.061075
432787.447653	418549.770719
449405.804372	356339.489898
380928.987359	408357.51537
428787.321658	477354.395549
470821.090428	403454.543009
428968.048692	427079.871835
382686.622287	397252.77514
347667.006297	416807.509018
442159.834299	423709.708088
411757.669957	458864.362625
391152.606547	414048.35761
405960.060774	393111.725844
366448.692795	427329.420673
377757.935947	433585.536615
440968.063335	394740.321264
379780.692937	408777.28168
411044.674242	369649.449659
464054.198137	405511.707666
369164.216785	437424.365373
410847.314805	432193.327034
446006.802648	406900.345127
367243.262053	489032.047149
460436.091187	388754.822121
412200.771111	390214.479371
345800.230765	408358.460352
383380.206185	365521.794855
426158.973064	464517.555797
394554.456096	368340.074318
383243.97766	391005.214223
398542.894116	399478.417249
439327.927827	442939.413041
437977.646483	451948.018528
442523.71645	426422.69924
405282.821045	390182.619124
452948.232202	431993.745237
394616.166364	399229.413184
394194.707824	439193.66241
407768.841992	428590.796461
421391.797641	415513.983091
473837.354077	405604.32462
404929.630741	419485.503629
425396.514776	410614.69554
458948.261505	360825.938706
411561.991599	443226.397142
402649.250295	396845.326567
389799.766035	429080.962405
437663.787757	413881.20382
399725.874189	373666.337323
379578.286954	418599.909776
444523.775223	458284.142821
413044.674384	370660.338636
416673.212239	396108.390841
452457.531539	423579.187501
423652.419813	369251.650065
479107.967953	411750.413118
383207.077083	396300.697857
380254.658635	417234.228463
423030.727935	455200.737227
433143.050631	438573.388239
418404.700664	408268.294077
392895.82411	399664.758119
418189.717375	410858.473786
393221.645683	375617.63428
415672.228262	465890.582525
381054.631759	433501.233332
444188.614003	424247.071646
355788.091239	369525.030161
429238.807555	416312.917465
392307.417198	424537.243921
358123.80948	405964.318457
444161.064184	436038.44557
418763.010918	428858.95925
493829.530376	402362.054884
465607.95163	373166.94272
378482.192891	363177.657832
447112.358879	441169.517816
446712.026525	423599.751059
438926.269094	448514.576716
423029.992419	417694.980938
428972.502075	422404.867325
382667.185716	444462.714831
398610.630578	461693.133594
410139.369604	397722.310869
370800.049286	442802.295793
398948.313863	402329.424295
439174.339182	357265.410974
427556.771939	434284.335944
419830.183002	406197.412268
463736.91956	443863.757115
404514.429151	414834.591762
327042.149909	430229.537992
430504.342712	382506.400411
378047.507405	414695.939611
409241.987443	390403.551618
364914.23545	413421.203408
413248.843143	424392.36547
420540.825895	411777.817724
425259.838404	381108.647998
420200.029077	404619.451365
435246.462138	375279.316068
457245.342179	369616.585633
438878.196789	419728.322843
370640.417014	433060.3548
402370.167936	458841.354788
441962.455198	411020.11165
411377.818636	380828.453727
419979.671293	415040.135726
415962.51661	383426.754593
382077.071588	412009.790054
396812.462191	404503.349154
481106.835361	448476.889763
397912.667453	437609.574679
421390.194457	405710.001512
406524.211364	394218.666833
405469.617282	408780.061627
400724.958381	403175.086769
417155.616734	419547.354336
420260.524856	438969.48206
408115.490533	381795.735586
453402.300788	431188.030958
434083.611492	347693.072151
440743.001393	385611.187916
469277.593389	412527.766612
379417.519673	438397.085453
428120.982203	421524.967798
489586.695196	475840.184738
425009.414906	383964.351618
430467.053832	439482.90862
404283.392218	430189.087784
379957.071499	471087.086219
414798.354516	427726.00087
403695.923415	345860.860707
404360.405355	390572.044462
366221.477093	384315.069064
417140.711007	452447.804383
401627.171386	368271.951162
425416.140809	373497.907624
383036.622035	376657.599425
431500.377767	447823.433534
389885.476986	423153.429577
459590.754463	434684.526653
398764.994211	475669.276974
391683.615645	474387.957046
364524.096464	456738.734843
406638.508601	399307.819923
393500.264015	402555.788291
408002.723298	381191.793538
468589.092738	390759.739434
455605.466549	443381.4271
368295.643381	417360.842729
402413.034156	448732.074288
377008.732042	409198.527024
429700.298858	455059.444954
393454.226847	423152.274547
414055.780953	420499.74282
431116.557864	369497.527428
375667.091112	409318.051377
440871.988787	345495.725128
394053.74418	467146.552153
384504.991325	416272.159712
439644.92968	410878.733294
408882.838713	433942.724372
445752.029798	395004.483993
410477.140452	315585.701886
421805.220725	416973.533182
396155.592289	414912.83467
374447.321048	435045.56732
422428.253133	382038.551146
455366.845584	464082.939896
405595.614298	349214.614785
386171.853373	416028.443803
390937.032845	463116.893921
438384.52761	427620.181761
441098.159094	398390.527788
389487.964159	408051.592244
428523.339614	376667.0982
383719.977263	419215.107895
401356.69371	386460.435687
422062.688433	470532.683655
397035.612781	378930.041097
436047.16142	465900.768751
432669.432246	403700.819601
434956.496618	457962.983108
443962.172274	450285.949068
401570.848244	408904.6962
395262.921719	410881.569733
403958.847035	426532.929056
426284.592499	419423.883593
386215.013514	383611.594175
401647.906906	414898.806618
445171.376075	425061.319834
423090.784172	420690.306278
420558.980822	441611.353626
432916.985928	377351.917064
451844.594271	454593.972011
384680.91353	438244.388147
377917.141028	450440.154099
477649.403877	346884.247177
387066.733721	452256.912227
424034.856786	396864.128793
374638.193283	406676.981733
403719.07535	411982.901049
419581.446542	442242.456557
417088.497943	416135.099668
419108.608975	428395.720045
471005.58142	393774.915129
427801.796141	405228.301116
396525.608589	400005.055943
409879.598425	425016.963009
356961.200306	413714.421335
414634.382328	446992.231603
415647.373335	399583.756705
434801.366333	437410.013163
421799.779409	411138.896805
411753.104574	420559.050928
392167.362418	453919.012123
408590.376875	405585.047283
437860.715021	394811.839528
401637.517294	401174.741102
415588.737508	427477.777687
451461.427489	396312.845753
438345.884882	412238.383759
368284.818038	439362.572279
444579.904226	426029.788091
424844.182003	399773.298945
387431.091097	404688.822342
431414.302692	383182.61717
393942.420424	373995.059705
357886.568558	403083.011086
382484.804681	438419.582626
362980.993119	393855.306489
425930.204474	411125.240773
447969.596962	392055.582403
430083.866409	373722.830958
435484.470948	360780.720317
393411.675872	420786.359302
437704.843577	418551.499476
440377.113857	402315.303755
430158.394933	439554.128324
405855.472464	423936.80288
451928.480845	398459.137905
439506.973569	432537.030617
397424.821154	436216.367939
370176.833848	431007.93406
409402.411219	380085.615569
429706.253178	434924.053814
428019.583863	419459.468784
394805.453256	405712.812
401335.254414	444943.223892
394438.296383	420146.284304
379288.309881	428438.913914
411620.084588	398569.594022
457699.615218	448708.643619
423067.173429	374063.353358
429177.138834	421912.848422
431361.173286	489224.764483
363237.377283	411955.622474
380770.525763	386743.215639
377756.903493	416955.338833
401888.288077	424063.834674
425901.370623	373633.193957
421162.10335	431308.287539
414503.00437	420919.401145
454370.661997	399098.540719
434440.853978	369988.607998
425389.793486	422024.650827
390424.062451	396457.995199
420211.968139	400352.194312
447078.778847	397138.894466
437372.150764	338669.983392
373045.923546	437879.120742
433664.673412	419511.317154
430065.482178	446592.737362
460938.74301	451016.005719
444104.817071	401420.829683
428191.972012	402440.324694
422120.795542	401384.826062
468187.695168	425942.103803
414664.29988	392708.72376
440509.053088	399021.050023
342493.604743	386489.612172
432086.795341	404078.82377
390345.085375	400492.836402
418771.950278	422703.965975
339904.083047	397930.627371
424232.560407	402648.766973
438500.572478	452886.41883
389084.519371	420309.566709
424771.61549	405230.447456
413240.017609	411879.756961
409371.768606	371407.685791
437739.613173	400380.277777
337138.218921	416257.069397
400594.870562	393889.634552
402149.23773	405629.123719
404757.343329	413982.257814
416790.174167	414077.402534
399899.054042	434399.208359
439142.717246	369665.230893
434437.657066	425949.83741
374459.175674	439790.993539
378668.414449	423031.567734
419960.494918	432042.271979
374210.554373	359534.608303
412050.908187	377477.478771
448753.680202	346715.133511
401468.845322	433945.776261
428631.164416	451352.272881
438302.419863	418156.697451
448235.847553	421211.221971
368636.845936	415906.043937
434807.534684	422192.486475
429578.012457	418160.25136
438160.401526	360448.452143
410817.585465	438717.46631
388824.668377	408095.956072
435572.10972	411204.717347
380755.660495	374332.064164
424698.360073	473782.860904
425182.882909	401118.85785
439552.300595	388760.935876
401024.67501	460159.954655
437144.795701	408789.941634
439076.808147	422693.312715
421757.278703	415962.547574
436185.89851	438824.616982
407998.414344	414005.785214
436072.415209	444631.020341
410042.585339	427481.169664
470176.181466	446255.769199
391101.609085	387703.036931
391023.59493	388401.256525
409579.014175	430074.763884
460439.089104	391784.099889
406764.470937	397124.282583
392637.361323	495707.3821
350224.963795	409092.882819
420098.705057	371352.505206
375019.3949	389261.670471
392005.433656	405744.2898
425780.52087	399345.601869
408791.476894	384465.263216
433806.554965	388041.38656
407014.839634	347872.799676
425840.729623	460993.303314
434694.833174	484771.712711
435068.109787	416593.829731
431883.106157	353920.256438
396178.69388	350374.521809
364678.617952	428274.822959
382104.471072	377253.195355
439452.62398	422508.47252
417534.828677	425924.425336
397358.686964	366231.471432
481656.653726	419506.21357
421576.413311	404013.874489
473560.565595	490579.043121
364684.662131	424124.391334
489976.080383	469817.433365
382686.99729	370248.821669
426353.164565	357877.133227
356901.926146	370273.880821
423324.142477	365899.750473
439115.870729	429147.108474
407423.464926	455068.760138
429993.232801	396845.487911
379729.022783	430119.254743
450408.872929	432028.499348
455263.350921	381753.542133
404865.557686	386405.100483
389134.059762	476572.788766
413838.675182	386134.249662
420070.341107	429155.481128
400362.048865	399815.736908
408041.245856	404936.036097
465715.197854	419355.80596
446337.990745	428689.524822
381793.574509	438869.637412
406136.767002	405393.281713
403946.246055	424311.65615
383177.526191	395130.799519
400647.904029	442331.581656
435047.403377	464155.036223
431475.038894	447902.730222
439308.707972	435927.121886
422258.937995	408234.916881
448345.06909	481488.055798
442834.694715	381950.037395
398966.241674	425035.030854
420191.338314	445056.572805
412907.620238	405967.081044
401352.414499	453339.717699
389452.902935	424830.706222
458831.598015	430256.838616
405050.632401	389119.010347
404787.202923	436134.110637
398094.953862	443246.820767
436435.141693	378802.983936
395716.022787	407187.204886
409594.544043	404902.721315
495957.37082	338544.4056
423073.388996	407513.620258
367651.368447	383671.359238
356637.443285	399104.729918
440306.572511	381217.532192
448223.028666	453515.286482
391562.08913	392417.301658
417266.887851	438828.992221
376202.592796	440059.131411
363107.258423	419995.489889
406392.880765	486861.853301
402776.762969	387866.59373
417982.306451	410393.388417
389868.113549	387623.753269
430320.178678	438071.749678
434176.205842	419953.735742
398879.363653	396931.342921
414572.04324	406438.527292
413613.941676	384288.134055
407544.332168	385660.304653
409275.779379	412841.983962
455061.333037	424219.325276
418155.860855	404571.235309
423026.607463	412401.114931
370610.977794	419798.529959
458270.792776	406346.214693
419225.224866	383212.970372
407316.220114	357656.239916
388313.819453	356415.827845
424227.321605	401133.968778
415951.045375	424929.452561
431176.103861	413975.023116
390063.687831	418740.744131
415694.87793	434996.982361
418082.136563	406636.984663
405910.099265	396726.397651
449393.974995	370557.38758
370208.2831	361571.434055
406529.238364	399074.343764
380969.267591	410600.752677
418826.93059	428939.3731
439372.333899	391834.287348
386662.109803	407600.827784
386998.994497	375911.50436
431701.998427	462999.954464
409000.62611	432929.061715
391147.972219	415846.264972
407496.462123	392546.925054
416064.189591	325524.046102
447464.117431	438667.591477
434682.997884	418006.471071
400749.878213	390122.63854
378254.054224	458178.310671
423264.235533	399408.825356
434073.786614	399624.255382
416431.752234	445216.81895
382729.156388	434739.987381
430529.419197	470922.772416
419855.632485	366969.686066
461459.930948	418633.175098
381309.063643	431827.35823
416656.308703	397173.220237
441956.159623	373185.982018
428610.231734	423377.578996
365037.507974	385036.312912
439627.893549	395789.604918
448412.022778	408643.159359
384327.860431	411881.017776
447565.222246	421919.874968
432514.494888	402121.363398
407932.499708	439853.148155
422325.287237	418998.792531
363807.580232	407716.475639
399911.94023	408570.236729
389565.221418	376396.403053
410627.314752	410833.922797
390380.785067	390333.396495
377028.88933	431038.052025
399848.525062	408447.716553
360580.177019	416929.25697
448215.874009	388820.889618
414397.665535	458150.903749
393894.180201	435119.055972
401990.063211	411054.588395
376181.172198	400587.075907
380073.270544	377379.16925
362724.610399	378547.547473
448555.783693	400192.138388
398385.636753	445884.997486
434904.241663	455581.717001
368332.232433	429579.448726
415463.61363	419464.638465
397243.823856	396109.503657
343198.841625	453992.480078
381134.300473	396878.349718
393012.428822	487841.062767
460177.9999	473361.621645
419418.308271	372039.747336
410399.409461	380574.746102
447525.164578	404946.145479
434385.479011	429448.017895
350903.826488	435307.060829
391486.813066	433314.593901
432871.002525	413342.032587
423459.851189	479554.520766
410197.46083	416312.683098
372915.417534	376207.054918
396628.786998	394972.166672
380539.285051	437110.307555
400703.100134	434653.560253
423583.496838	429741.555981
405079.288859	397635.032998
384809.564716	425780.773876
425772.716252	433190.141759
428265.235333	462446.500516
395829.316434	393626.607312
415621.204991	415833.316933
412879.994105	442934.840343
418567.361392	367582.728587
438967.635423	423069.246472
389322.806608	396044.708304
389578.742507	336115.907552
440804.616996	395330.718983
468352.149847	462649.48815
381127.265356	415711.783114
408606.074667	436492.016531
423129.054298	372097.072187
405504.614755	438489.82767
382421.88054	406831.591076
416744.062375	423195.539295
425371.265432	422149.201533
411401.871399	401090.095454
406325.444575	410363.098143
434390.781788	373735.666174
382370.93656	452056.790437
390523.519766	387527.865479
389664.362158	417003.038384
412033.26715	448052.210632
404445.994172	396217.234488
382180.855699	489631.173784
387085.053594	398175.084661
459594.587033	372695.248083
404248.502879	440954.127364
377955.51785	387330.573464
358105.596706	456227.669698
386754.284412	447888.422352
385253.657684	405028.797131
396811.020931	425693.475157
386735.952841	427442.334326
388544.12944	402202.301505
408377.770691	431160.968627
396363.312127	417063.931723
451447.8271	461537.746493
420382.666308	393652.080554
390547.666073	419414.373573
337642.749434	382613.584845
426831.292808	453104.708995
443973.257484	445686.640447
383673.541553	410290.295769
371771.713031	443134.84639
422372.704859	393789.246685
432318.618402	391083.811719
382937.31924	371836.354977
386450.952996	446072.624351
471652.087867	453425.94174
401357.241062	426239.674485
449642.569076	364966.885537
417226.210456	380860.101262
459139.262684	424414.388271
370075.044004	379106.802948
425931.20482	381099.174404
379840.99756	343626.35794
421558.005545	424107.849609
369599.659355	408570.272525
429403.188058	405220.705522
463313.765939	400754.471688
401508.574062	407915.002888
377680.195499	426411.486412
406212.670744	400355.806153
424045.27489	432322.198853
354092.413363	409559.537485
424866.939263	457987.120789
388696.88307	421773.819242
432753.994619	452853.451727
431539.132147	416283.582169
435346.004465	466199.422447
415135.302287	444989.433928
397705.80628	346388.104021
439225.348976	415924.566994
405748.455858	380814.410143
417432.867897	359027.429629
430768.401961	455095.706881
433128.680264	351852.893373
410030.353418	457112.539001
427000.672206	388205.435585
416968.519377	405766.085268
423090.190797	415595.22572
418017.328635	418649.735677
376215.686204	365284.602454
439236.501952	405613.676605
421785.99247	403304.330766
386729.574935	368554.99181
381527.273353	437353.325284
368129.051975	428234.951297
367174.391989	433961.391831
409460.376207	406529.708691
474023.536597	418833.723094
370694.788007	409559.227575
478141.384313	386201.282472
375112.304859	392414.996988
