22888.6343179	16644.5670029
83050.8166574	-11761.1776236
32019.2701509	-75524.0615918
57544.8984919	-42926.5987553
-16782.0181957	-48855.9228355
-64793.2299357	163924.15887
-55786.4013923	-14235.1555667
-184031.465776	-52474.4858977
-62490.9984874	-67783.8939361
13042.2506187	90495.4535195
-127042.667422	134532.641589
-224571.019142	102073.695151
-93138.9064401	-71003.6348999
188476.539827	116082.511957
-61123.8318778	75057.4761527
-41084.3602734	64711.7719317
-110823.673703	-23297.1166373
210875.211265	9877.36455605
76138.5024887	133658.010775
85566.9299717	-36144.4092165
-13157.2910564	-135630.706181
75552.6182988	83693.3170377
-33834.858845	110256.497033
74258.9432206	66739.4929263
-15611.3914615	93454.6884401
27222.6689716	6832.4118795
94018.7192452	-11391.1217628
-34380.3209713	-2234.57700503
-55729.2630984	-84009.9800731
-38931.0639632	-23858.2890099
-196046.642251	-79597.6946201
-80860.7590509	58565.8857599
-4757.29822164	22183.9776783
68238.443838	20408.731101
78000.8214433	-30065.0619315
-32901.5953192	-62849.5140117
74635.8730539	-43188.0348065
32738.3860719	84146.0644433
-204913.496507	-175150.314943
-12909.0964312	104687.382553
65896.948299	-251285.132084
66515.0100165	-6215.14979347
161207.363021	17300.2077555
65138.6504258	-198742.703538
156922.090149	-94316.8131968
-71114.8211029	-91073.346606
141147.90781	201501.621945
-68037.0088261	130705.670474
-139753.585525	-124088.478022
-33279.4861248	204425.910554
811316.640367	849552.132924
885971.965097	785746.99764
690754.458522	743790.585363
730496.864515	920016.92749
620893.336447	840238.688628
840361.484499	1065771.96368
707846.609065	800850.117445
796990.816396	774226.963201
900767.388245	1008518.77709
714953.676832	808405.258936
835526.47812	797146.195059
658281.931328	693282.129795
767779.269917	683958.235049
799072.031346	809821.719433
822880.004797	835722.118804
766576.632296	721899.325288
873484.385004	733734.183549
796873.869689	819316.708706
790788.43855	691296.599303
711656.36933	810244.98779
778064.198579	749549.915496
853268.380009	874746.653054
868508.937913	844691.777688
647104.08502	815702.391391
793034.617947	869523.300379
757100.717981	831802.945113
645481.730294	853195.407355
873480.567474	947825.16222
692591.928618	652488.779901
759803.83338	927175.10278
815842.954837	709342.735064
815198.820377	786854.002501
826728.825489	795680.560135
798180.085619	800737.773992
862484.591149	780623.605936
645004.180862	676339.670733
693473.054138	890553.695063
724992.954642	848089.145746
724808.199169	629824.096003
678975.026999	788697.446309
795994.287804	739015.079104
927881.206804	716690.582705
875326.480354	913546.087275
821744.994707	626508.764661
746162.425311	708326.428826
774925.093463	703477.297319
815366.517715	734712.327074
675796.841362	815275.165621
787694.584272	680260.715679
880807.815062	813131.741855
