-14186.9237696	51260.7254871
-12805.9416253	119907.58348
-54115.1929547	-56210.5389538
-66655.159867	-68871.4469525
113191.632497	58306.7566748
-217194.918926	-82966.9982372
2513.7989348	19937.0047008
-146100.472841	71851.3538603
-52015.2642904	-48906.3764835
46326.2268611	-145012.783635
-47323.5339999	-147399.681552
231743.569203	-35775.53197
-17606.1546125	83503.0381905
15505.1536756	91551.8602149
168610.395145	10446.5578534
-49190.9160169	-90589.4804944
30534.952853	21185.8361829
-52128.1592725	-170467.824165
18962.8551749	105758.021687
42463.8845181	-25436.5820295
-127038.591549	1961.08880194
-31221.1576625	-4991.87692627
-129914.796543	-124639.839492
-81883.4967617	1568.03127363
87801.4043094	-24860.5337055
18978.739322	-161308.948873
-21407.0944856	103326.297158
46918.5702476	-52011.0964008
-95378.6796582	48013.0092262
-92249.0066107	-69691.5800408
28128.4858742	-94564.2007379
25319.9886246	29356.2106295
42091.2824713	-43089.2852344
93993.1680026	-54656.4831922
72249.91022	-17802.1720873
-35499.9475914	-59367.2825368
-27086.7390898	76346.862986
14656.3178524	-32078.6428147
88668.5987966	146182.102073
-115853.021177	-94079.2203566
49120.8222862	-110873.315866
-125716.117252	30173.5418565
141364.28158	105035.920202
103442.049516	211438.036567
47030.5792335	-82883.3913304
63552.0014344	102573.442441
-16010.8085964	-78939.9056218
25386.0131614	-16604.6289369
174000.719609	71917.2938771
55188.7890579	-116767.687296
597818.361232	522094.608332
512454.582357	515881.420033
541868.312645	498622.787027
467661.820688	512177.657149
531627.919124	529468.099287
521905.80082	510417.191644
523693.261148	537530.924035
529183.256498	536459.420295
509456.86906	563870.781344
513506.224073	484947.590779
532192.509912	506768.233565
524330.965419	526168.350748
485900.230451	520625.661169
485982.584291	502917.066732
485952.472761	541782.602613
495627.714634	550906.019523
483923.195868	557980.058365
481653.741356	564864.657642
471179.989609	503561.138704
506728.985716	498159.211742
518001.377424	536652.459837
496341.310129	539095.735611
565040.257443	494094.302605
519595.536544	517537.096326
506030.305207	483485.834622
522638.248133	487484.493361
548647.100693	515188.222417
528061.13448	524274.031185
545440.239992	480346.225394
542965.092112	517413.800218
532996.722275	483283.545883
527433.833301	547124.685707
538456.713462	481771.212045
448083.669802	579597.102894
485966.406079	493021.03538
477402.938595	505638.13068
472530.622971	528539.470386
555976.229631	548020.686876
509590.084587	508559.305208
517134.904698	564215.309854
492571.390341	536246.929281
529711.149985	544307.962036
453233.237625	537664.040276
522262.904282	477966.428328
490493.747893	481029.352833
454241.684666	521500.832418
503618.549515	461747.024962
493597.547307	470083.967591
518981.67475	506978.943982
474850.944	558135.997146
